[Air Defense Compound]
ROOT|566.50,2.21,102.63
bounds|Part|7.30,4.42,4.30|0,0,0|-0,0,0|a=1|c=1,0,0
Sandbags|MeshPart|0.64,0.29,0.87|-3.50,-2.01,-1.73|-0,0,0|m=rbxassetid://122909874453658|c=0.84,0.77,0.60
Mid|MeshPart|0.42,0.44,0.48|3.40,-1.79,-2.20|-0,0,0|m=rbxassetid://84172368090170|c=0.11,0.16,0.21
Lights|MeshPart|4.75,1.98,3.51|0,0.16,-0.29|-0,0,0|m=rbxassetid://71924347574977|c=0.91,0.91,0.93
Top|MeshPart|0.13,0.14,0.18|3.55,-1.50,-2.03|-0,0,0|m=rbxassetid://130943733864834|c=0.64,0.29,0.29
Pallet|MeshPart|0.79,0.04,0.79|-3.48,-2.13,-1.84|-0,0,0|m=rbxassetid://113260512612296|c=0.35,0.30,0.26
Windows|MeshPart|1.31,1.07,1.28|0,-0.23,-1.54|-0,0,0|m=rbxassetid://83248068334545|c=0.43,0.60,0.79
MetalColor|MeshPart|7.64,3.38,5.34|0.20,-0.47,0.15|-0,0,0|m=rbxassetid://107454533764003|c=0.27,0.27,0.27
Inner|MeshPart|0.43,0.14,0.42|-2.56,-1.89,-2.19|-0,0,0|m=rbxassetid://106038998416057|c=0.62,0.63,0.67
MainBaseColor|MeshPart|9.16,2.78,7.11|0,-0.82,0|-0,0,0|m=rbxassetid://119734975697382|c=0.18,0.20,0.13
Missile|MeshPart|0.82,0.62,0.68|3.22,-1.85,-2.23|-0,0,0|m=rbxassetid://140062011273225|c=0.91,0.91,0.93
LightMetal|MeshPart|4.85,3.16,5.11|0.12,-0.58,-0.32|-0,0,0|m=rbxassetid://120074248669884|c=0.49,0.49,0.49
Flooring|MeshPart|8.71,2.48,6.62|0,-0.92,0|-0,0,0|m=rbxassetid://84568979292167|c=0.11,0.16,0.21
Tires|MeshPart|0.86,0.47,0.85|-2.56,-1.92,-2.19|-0,0,0|m=rbxassetid://102517041714708|c=0.14,0.14,0.14

[Regional Depot]
ROOT|485.76,0.73,197.39
MovingCrate|MeshPart|0.73,0.23,0.23|0,0,0|-0,0,0|m=rbxassetid://71805139040358|c=0.43,0.60,0.79
MovingCrateMetal|MeshPart|0.76,0.18,0.22|0,0,0|-0,0,0|m=rbxassetid://94029798991669|c=0.31,0.31,0.31
InnerCrane|MeshPart|0.43,0.69,0.19|-0.03,0.45,-0|-0,0,0|m=rbxassetid://78527954372543|c=0.29,0.29,0.29
Cables|MeshPart|0.19,0.15,0.07|-0.03,0.36,-0|-0,0,0|m=rbxassetid://75660735797533|c=0.12,0.12,0.12
InnerRailMoving|MeshPart|0.57,0.12,1.71|-0.03,0.53,0.39|-0,0,0|m=rbxassetid://93187449941634|c=0.68,0.39,0.18
rotationJoint2|Part|0.10,0.10,0.10|-0.03,0.45,-0|-0,-90,0
ElevatorFloor|MeshPart|0.60,0.01,0.60|1.08,-0.38,-0.87|-0,0,0|m=rbxassetid://133151042163595|c=0.58,0.33,0.16
Elevator|MeshPart|0.98,1.55,0.98|1.08,0.04,-0.87|-0,0,0|m=rbxassetid://108278031061241|c=0.68,0.39,0.18
Claw|MeshPart|0.43,0.69,0.19|-5.36,4.66,0.39|-0,0,0|m=rbxassetid://121631698848700|c=0.31,0.31,0.31
Cables|MeshPart|0.19,0.15,0.07|-5.36,4.58,0.39|-0,0,0|m=rbxassetid://116930603969399|c=0.12,0.12,0.12
MovingRails|MeshPart|0.57,0.12,1.94|-5.36,4.75,0.39|-0,0,0|m=rbxassetid://92279461912392|c=0.68,0.39,0.18
Cables|MeshPart|0.07,0.53,0.01|0.91,3.67,-0.56|-0,0,0|m=rbxassetid://122052159297444|c=0.12,0.12,0.12
Magnet|MeshPart|0.22,0.47,0.22|0.91,3.53,-0.56|-0,0,0|m=rbxassetid://107782177432442|c=0.31,0.31,0.31
Base|MeshPart|0.26,0.07,0.64|1.84,2.90,-0.55|-0,0,0|m=rbxassetid://136170160253245|c=0.25,0.25,0.25
CraneWire|MeshPart|1.63,0.41,0.27|1.47,4.12,-0.56|-0,0,0|m=rbxassetid://130435360064851|c=0.12,0.12,0.12
CraneOrange|MeshPart|0.73,1.05,0.29|2.05,3.57,-0.56|-0,0,0|m=rbxassetid://139061334735472|c=0.58,0.33,0.16
CraneOrange|MeshPart|1.61,1.40,0.44|1.48,3.62,-0.56|-0,0,0|m=rbxassetid://127566511440890|c=0.68,0.39,0.18
Wheels|MeshPart|0.33,0.08,0.58|1.84,2.87,-0.55|-0,0,0|m=rbxassetid://138400356566955|c=0.20,0.20,0.20
CraneOrange|MeshPart|0.44,1.06,1.61|1.23,0.46,1.34|-0,0,0|m=rbxassetid://129372588906270|c=0.68,0.39,0.18
Orange|MeshPart|0.29,0.72,0.73|1.23,0.41,1.91|-0,0,0|m=rbxassetid://123767271132940|c=0.58,0.33,0.16
Cables|MeshPart|0.27,0.41,1.63|1.23,0.79,1.33|-0,0,0|m=rbxassetid://115630728987762|c=0.12,0.12,0.12
Magnet|MeshPart|0.22,0.47,0.22|1.23,0.21,0.77|-0,0,0|m=rbxassetid://114607291030265|c=0.31,0.31,0.31
Cables|MeshPart|0.01,0.53,0.07|1.23,0.35,0.77|-0,0,0|m=rbxassetid://79609164605042|c=0.12,0.12,0.12
rotationJoint1|Part|0.10,0.10,0.10|1.23,-0.04,1.70|-0,-90,0
CraneOrange|MeshPart|0.20,0.10,0.35|1.23,0,1.70|-0,0,0|m=rbxassetid://134283190104569|c=0.68,0.39,0.18
DarkOrange|MeshPart|0.90,0.25,0.90|1.23,-0.18,1.70|-0,0,0|m=rbxassetid://88376792297273|c=0.56,0.33,0.15
MetalColor|MeshPart|0.66,0.13,0.66|1.23,-0.18,1.70|-0,0,0|m=rbxassetid://118524794889465|c=0.25,0.25,0.25
MetalColor|MeshPart|0.98,0.10,0.98|1.23,-0.35,1.70|-0,0,0|m=rbxassetid://79419281780651|c=0.24,0.24,0.24
CrateMetal|MeshPart|0.76,0.18,0.24|-0.38,-0.28,0.88|-0,0,0|m=rbxassetid://127335544895935|c=0.31,0.31,0.31
Yellow|MeshPart|4.52,0.01,3.35|-7.58,3.62,0.39|-0,0,0|m=rbxassetid://112438233927902|c=0.94,0.78,0.22
CrateMetal|MeshPart|0.76,0.18,0.22|-0.38,-0.28,1.15|-0,0,0|m=rbxassetid://103795270777857|c=0.31,0.31,0.31
Crate|MeshPart|0.73,0.23,0.23|-0.38,-0.28,1.15|-0,0,0|m=rbxassetid://135183318295152|c=0.18,0.20,0.13
Bars|MeshPart|1.38,0.08,2.35|-9.19,3.45,0.39|-0,0,0|m=rbxassetid://87675709069586|c=0.49,0.49,0.49
Fans|MeshPart|4.26,2.06,2.28|-1.32,4.44,0.03|-0,0,0|m=rbxassetid://105336546646302|c=0.35,0.35,0.35
FanInner|MeshPart|4.29,2.05,2.31|-1.32,4.42,0.02|-0,0,0|m=rbxassetid://83622268702054|c=0.11,0.16,0.21
Rails|MeshPart|0.37,0.05,1.27|1.84,2.83,-0.83|-0,0,0|m=rbxassetid://77148329817317|c=0.68,0.39,0.18
MainMetal|MeshPart|11.97,6.61,4.29|-3.90,2.85,0.39|-0,0,0|m=rbxassetid://75502852859189|c=0.49,0.49,0.49
Bars|MeshPart|0.65,0.09,1.28|-9.39,3.35,0.39|-0,0,0|m=rbxassetid://93394922857615|c=0.49,0.49,0.49
bounds|Part|3.90,7.52,10.50|-3.40,3.22,0.39|-0,90,0|a=1|c=1,0,0
OrangeTop|MeshPart|0.16,0.16,0.14|-8.37,5.55,1.34|-0,0,0|m=rbxassetid://92519673715416|c=0.68,0.39,0.18
DarkGray|MeshPart|10.70,5.63,3.39|-3.90,2.37,0.39|-0,0,0|m=rbxassetid://77130663381178|c=0.33,0.33,0.33
MainBaseColor|MeshPart|10.78,6.02,4.29|-3.30,2.46,0.39|-0,0,0|m=rbxassetid://110203529772251|c=0.18,0.20,0.13
Black|MeshPart|11.96,7.07,3.95|-3.89,3.07,0.33|-0,0,0|m=rbxassetid://135424401094108|c=0.24,0.24,0.24
Shielding|MeshPart|5.12,1.51,1.97|-4.78,1.38,0.39|-0,0,0|m=rbxassetid://128249112548015|c=0.27,0.27,0.27
Crate|MeshPart|0.74,0.23,0.25|-0.38,-0.28,0.88|-0,0,0|m=rbxassetid://89682815643420|c=0.18,0.20,0.13
Flooring|MeshPart|10.49,0.16,3.98|-3.36,-0.47,0.39|-0,0,0|m=rbxassetid://87578794425197|c=0.11,0.16,0.21
Inside|MeshPart|6,1.92,1.96|-4.78,1.42,0.39|-0,0,0|m=rbxassetid://136032838468592|c=0.59,0.59,0.59
Rails|MeshPart|3.57,0.13,2.04|-6.56,4.74,0.39|-0,0,0|m=rbxassetid://123898281538885|c=0.68,0.39,0.18
MainBaseColor|MeshPart|0.37,0.26,0.34|-0.56,3.65,0.97|-0,0,0|m=rbxassetid://93200384737143|c=0.18,0.20,0.13
InnerRailing|MeshPart|4.99,0.13,1.80|-2.11,0.53,0.39|-0,0,0|m=rbxassetid://77372186189772|c=0.68,0.39,0.18
OrangeTop|MeshPart|0.35,1.04,3.17|-1.23,3.86,0.22|-0,0,0|m=rbxassetid://105689756036052|c=0.68,0.39,0.18
Lights|MeshPart|4.93,0.96,1.78|-4.78,1.39,0.39|-0,0,0|m=rbxassetid://90241883678747|c=0.91,0.91,0.93

[Nuclear Silo]
ROOT|568.57,1.33,148.63
Hinge2|MeshPart|0.12,0.12,1.25|0,0,0|-0,0,0|m=rbxassetid://133050836863279|c=0.22,0.22,0.22
Hinge|MeshPart|0.09,0.09,0.89|0,0,0|-0,0,0|m=rbxassetid://107319770768104|c=0.16,0.16,0.16
HingePiece|MeshPart|0.70,0.21,0.74|0.26,0.01,0|-0,0,0|m=rbxassetid://140160889685844|c=0.18,0.20,0.13
MainBaseColor2|MeshPart|2.84,0.35,2.84|1.77,-0.04,0|-0,0,0|m=rbxassetid://127142945769715|c=0.18,0.20,0.13
MetalColor2|MeshPart|3.12,0.34,3.12|1.77,0.06,0|-0,0,0|m=rbxassetid://77213104940588|c=0.25,0.25,0.25
Yellow|MeshPart|1.74,0,1.74|1.81,0.18,0.03|-0,0,0|m=rbxassetid://106200219690694|c=0.85,0.78,0.47
Lights|MeshPart|2.13,1.37,3.68|2.54,0.81,0|-0,0,0|m=rbxassetid://113839261902872|c=0.79,0.80,0.82
MainBaseColor|MeshPart|6.28,1.47,5.91|1.77,-0.60,0|-0,0,0|m=rbxassetid://96003285847135|c=0.18,0.20,0.13
MetalColor|MeshPart|5.96,2.90,6.64|1.77,0.12,0|-0,0,0|m=rbxassetid://106019120072158|c=0.31,0.31,0.31
Black|MeshPart|6.15,0.91,5.84|1.77,-0.83,0|-0,0,0|m=rbxassetid://128036383554120|c=0.11,0.16,0.21
bounds|Part|6.30,3.02,6.50|1.77,0.18,0|-0,180,0|a=1|c=1,0,0
Meshes/Silo and Missile_MISSILE1|MeshPart|0.56,2.70,0.56|6.33,0.32,0.42|-0,0,0|m=rbxassetid://92260734258748|c=0.39,0.39,0.39
Meshes/Silo and Missile_MISSILE2|MeshPart|0.40,0.41,0.40|6.33,1.87,0.42|-0,0,0|m=rbxassetid://110460065481108|c=0.51,0.24,0.24
Yellow|MeshPart|1.07,1.92,1.07|6.33,-0.18,0.42|-0,0,0|m=rbxassetid://122913263492686|c=0.25,0.25,0.25

[Eiffel Tower]
ROOT|539.54,5.98,62.95
bounds|Part|5.40,11.97,5.40|0,0,0|-0,0,0|a=1|c=1,0,0
MainColor|MeshPart|5.38,4.89,5.38|0,-3.54,0|-0,180,0|m=rbxassetid://89433177532665|c=0.69,0.61,0.46
MainColor|MeshPart|1.32,6.91,1.32|0,2.34,0|-0,180,0|m=rbxassetid://125868013996525|c=0.69,0.61,0.46
Bars|MeshPart|1.23,3.24,1.23|0,0.54,0|-0,180,0|m=rbxassetid://134153259943255|c=0.69,0.64,0.56
Bars|MeshPart|4.87,10.08,4.87|0,-0.61,0|-0,180,0|m=rbxassetid://71910067825167|c=0.69,0.64,0.56
Top|MeshPart|0.15,0.15,0.15|0,5.84,0|-0,180,0|m=rbxassetid://122358397644505|c=0.29,0.29,0.29
Bars|MeshPart|0.66,2.16,0.66|0,3.24,0|-0,180,0|m=rbxassetid://118290292837094|c=0.69,0.64,0.56

[Missile Turret]
ROOT|-459.50,67.37,261.95
Yellow|MeshPart|0.09,0.37,0.09|0,0,0|-0,0,0|m=rbxassetid://70957387902165|c=0.72,0.55,0.17
Top|MeshPart|0.07,0.08,0.07|0,0.28,0|-0,0,0|m=rbxassetid://97199237131780|c=0.62,0.63,0.67
Black|MeshPart|0.20,0.72,0.20|0,-0.11,0|-0,0,0|m=rbxassetid://80887102750024|c=0.16,0.16,0.16
LeftHatch|MeshPart|1.46,0.10,2.92|-1209.52,-62.18,137.29|-0,0,0|m=rbxassetid://87844967153282|c=0.25,0.25,0.25
RightHatch|MeshPart|1.70,0.10,2.92|-1210.86,-62.18,137.29|-0,0,0|m=rbxassetid://70681995471286|c=0.25,0.25,0.25
leftRotation|Part|0.20,0.10,0.10|-1208.76,-62.19,137.29|-0,-90,0
rightRotation|Part|0.20,0.10,0.10|-1211.74,-62.19,137.29|-0,-90,0
MetalColor|MeshPart|2.18,0.72,0.40|-1210.25,-64.80,137.29|-0,0,0|m=rbxassetid://91625194235583|c=0.39,0.39,0.39
MetalColor|MeshPart|2.07,2.18,1.39|-1210.25,-64.93,137.29|-0,0,0|m=rbxassetid://125764353785561|c=0.25,0.25,0.25
MainBaseColor|MeshPart|2.23,2.09,1.38|-1210.25,-64.95,137.29|-0,0,0|m=rbxassetid://73621624957293|c=0.18,0.20,0.13
rotationJoint|Part|0.20,0.20,1.80|-1210.25,-64.13,137.29|-0,-90,0
MainMetal|MeshPart|1.35,1.56,2.89|-1210.25,-63.89,137.33|90,0,0|m=rbxassetid://140466880409614|c=0.20,0.20,0.20
MainBaseColor|MeshPart|1.26,1.43,2.99|-1210.25,-63.99,137.30|90,0,0|m=rbxassetid://115214093408510|c=0.18,0.20,0.13
MetalColor|MeshPart|1.20,1.34,2.84|-1210.25,-63.87,137.33|90,0,0|m=rbxassetid://79624103578851|c=0.31,0.31,0.31
Black|MeshPart|1.18,1.04,2.72|-1210.25,-63.83,137.30|90,0,0|m=rbxassetid://125706045236331|c=0.11,0.16,0.21
Lights|MeshPart|0.40,0.04,0|-1210.25,-62.66,138.06|90,0,0|m=rbxassetid://75361291198028
Black|MeshPart|3.88,0.20,3.88|-1210.25,-62.34,137.29|-0,0,0|m=rbxassetid://115175393147612|c=0.11,0.16,0.21
MetalColor|MeshPart|3.99,0.28,3.99|-1210.25,-62.33,137.29|-0,0,0|m=rbxassetid://126849028702253|c=0.29,0.29,0.29
MainBaseColor|MeshPart|3.69,0.28,3.69|-1210.25,-62.33,137.29|-0,0,0|m=rbxassetid://74853206476073|c=0.18,0.20,0.13
bounds|Part|4,4.93,3.80|-1210.25,-60,137.29|-0,0,0|a=1|c=1,0,0
Hinge|MeshPart|3.11,0.13,0.73|-1210.25,-62.21,137.29|-0,0,0|m=rbxassetid://126758821820210|c=0.49,0.49,0.49
extra|Part|4.01,4.93,3.88|-1210.25,-60,137.29|-0,0,0|a=1|c=0.97,0.97,0.97

[Strategic Command Center]
ROOT|421.75,0.64,189.62
Walls3|MeshPart|12.93,0.77,12.50|0,0,0|-0,0,0|m=rbxassetid://129778035437486|c=0.41,0.41,0.42
Radar|MeshPart|4.10,3.44,3.90|-4.08,2.70,4.41|-0,0,0|m=rbxassetid://84353200934025
Roof|MeshPart|12.49,2.42,14.86|0,0.58,0|-0,0,0|m=rbxassetid://121827046980769|c=0.49,0.49,0.50
Black|MeshPart|5.41,2.42,9.65|0,0.60,-1.59|-0,0,0|m=rbxassetid://115771664826340|c=0.11,0.16,0.21
Windows|MeshPart|12.93,1.63,15.15|0,0.25,0|-0,0,0|m=rbxassetid://124600229596572|c=0.43,0.60,0.79
Walls2|MeshPart|12.93,1.77,15.15|0,0.25,0|-0,0,0|m=rbxassetid://127588943550074|c=0.24,0.24,0.24
Walls|MeshPart|13.10,1.96,15.47|0,0.34,0|-0,0,0|m=rbxassetid://140652797099255|c=0.56,0.36,0.36
Roof2|MeshPart|12.78,1.03,15.15|0,1.36,0|-0,0,0|m=rbxassetid://91164952944194|c=0.54,0.54,0.55
bounds|Part|13.10,5.06,14.80|0,1.89,0|-0,180,0|a=1|c=1,0,0

[ProPyramids]
ROOT|552.95,6.31,-9.90
bounds|Part|16.50,12.61,16.40|0,0,0|-0,0,0|a=1|c=1,0,0
SignLights|MeshPart|1.80,2.76,4.56|0,1.71,-3.51|-0,-90,0|m=rbxassetid://130890209040957|c=0.49,0.62,1
SignTop|MeshPart|1.83,2.76,4.50|0,1.71,-3.51|-0,-90,0|m=rbxassetid://80742261486273|c=0.07,0.07,0.07
Lights|MeshPart|16.52,9.87,16.52|0,-1.10,0|-0,-90,0|m=rbxassetid://132762191371740|c=0.91,0.91,0.93
BottomLights|MeshPart|17.06,0.18,17.06|0,-5.87,0|-0,-90,0|m=rbxassetid://79656781849721|c=0.69,0.65,1
Top|MeshPart|4.49,2.24,4.49|0,5.01,0|-0,-90,0|m=rbxassetid://135876908160954|c=0.93,0.78,0.56
Inner|MeshPart|17.56,12.52,17.56|0,-0.05,0|-0,-90,0|m=rbxassetid://139011419074947|c=0.11,0.16,0.21
TopOutline|MeshPart|4.48,2.23,4.48|0,5.05,0|-0,-90,0|m=rbxassetid://112232831479419|c=0.11,0.16,0.21
Main|MeshPart|16.48,10.17,16.48|0,-1.18,0|-0,-90,0|m=rbxassetid://103825989091227|c=0.24,0.24,0.24

[Golden Missile Turret]
ROOT|-459.50,67.37,261.95
Yellow|MeshPart|0.09,0.37,0.09|0,0,0|-0,0,0|m=rbxassetid://70957387902165|c=0.72,0.55,0.17
Top|MeshPart|0.07,0.08,0.07|0,0.28,0|-0,0,0|m=rbxassetid://97199237131780|c=0.62,0.63,0.67
Black|MeshPart|0.20,0.72,0.20|0,-0.11,0|-0,0,0|m=rbxassetid://80887102750024|c=0.16,0.16,0.16
LeftHatch|MeshPart|1.46,0.10,2.92|-1140.62,-57.32,159.35|-0,0,0|m=rbxassetid://87844967153282|c=0.25,0.25,0.25
RightHatch|MeshPart|1.70,0.10,2.92|-1141.96,-57.32,159.35|-0,0,0|m=rbxassetid://70681995471286|c=0.25,0.25,0.25
leftRotation|Part|0.20,0.10,0.10|-1139.86,-57.33,159.35|-0,-90,0
rightRotation|Part|0.20,0.10,0.10|-1142.84,-57.33,159.35|-0,-90,0
MetalColor|MeshPart|2.18,0.72,0.40|-1141.35,-59.95,159.35|-0,0,0|m=rbxassetid://91625194235583|c=0.39,0.39,0.39
MetalColor|MeshPart|2.07,2.18,1.39|-1141.35,-60.07,159.35|-0,0,0|m=rbxassetid://125764353785561|c=0.25,0.25,0.25
MainBaseColor|MeshPart|2.23,2.09,1.38|-1141.35,-60.10,159.35|-0,0,0|m=rbxassetid://73621624957293|c=0.93,0.78,0.56
rotationJoint|Part|0.20,0.20,1.80|-1141.35,-59.27,159.35|-0,-90,0
MainMetal|MeshPart|1.35,1.56,2.89|-1141.35,-59.04,159.38|90,0,0|m=rbxassetid://140466880409614|c=0.20,0.20,0.20
MainBaseColor|MeshPart|1.26,1.43,2.99|-1141.35,-59.13,159.35|90,0,0|m=rbxassetid://115214093408510|c=0.93,0.78,0.56
MetalColor|MeshPart|1.20,1.34,2.84|-1141.35,-59.01,159.38|90,0,0|m=rbxassetid://79624103578851|c=0.31,0.31,0.31
Black|MeshPart|1.18,1.04,2.72|-1141.35,-58.97,159.36|90,0,0|m=rbxassetid://125706045236331|c=0.11,0.16,0.21
Lights|MeshPart|0.40,0.04,0|-1141.35,-57.80,160.11|90,0,0|m=rbxassetid://75361291198028
Black|MeshPart|3.88,0.20,3.88|-1141.35,-57.48,159.35|-0,0,0|m=rbxassetid://115175393147612|c=0.11,0.16,0.21
MetalColor|MeshPart|3.99,0.28,3.99|-1141.35,-57.47,159.35|-0,0,0|m=rbxassetid://126849028702253|c=0.29,0.29,0.29
MainBaseColor|MeshPart|3.69,0.28,3.69|-1141.35,-57.47,159.35|-0,0,0|m=rbxassetid://74853206476073|c=0.93,0.78,0.56
bounds|Part|4,4.93,3.80|-1141.35,-55.15,159.35|-0,0,0|a=1|c=1,0,0
Hinge|MeshPart|3.11,0.13,0.73|-1141.35,-57.36,159.35|-0,0,0|m=rbxassetid://126758821820210|c=0.49,0.49,0.49

[LARGE ProPyramids]
ROOT|552.95,6.31,-9.90
bounds|Part|132,100.90,131.20|0,0,0|-0,0,0|a=1|c=1,0,0
SignLights|MeshPart|14.42,22.08,36.45|0,13.69,-28.11|-0,-90,0|m=rbxassetid://130890209040957|c=0.49,0.62,1
SignTop|MeshPart|14.67,22.07,35.97|0,13.65,-28.06|-0,-90,0|m=rbxassetid://80742261486273|c=0.07,0.07,0.07
Lights|MeshPart|132.16,78.95,132.16|0,-8.78,0|-0,-90,0|m=rbxassetid://132762191371740|c=0.91,0.91,0.93
BottomLights|MeshPart|136.47,1.44,136.47|0,-46.94,0|-0,-90,0|m=rbxassetid://79656781849721|c=0.69,0.65,1
Top|MeshPart|35.89,17.91,35.89|0,40.05,0|-0,-90,0|m=rbxassetid://135876908160954|c=0.93,0.78,0.56
Inner|MeshPart|140.49,100.16,140.49|0,-0.37,0|-0,-90,0|m=rbxassetid://139011419074947|c=0.11,0.16,0.21
TopOutline|MeshPart|35.83,17.81,35.83|0,40.36,0|-0,-90,0|m=rbxassetid://112232831479419|c=0.11,0.16,0.21
Main|MeshPart|131.83,81.37,131.83|0,-9.48,0|-0,-90,0|m=rbxassetid://103825989091227|c=0.24,0.24,0.24

[Corporate Campus]
ROOT|506.83,1.51,113.44
bounds|Part|17.50,3.02,17|0,0,0|-0,0,0|a=1|c=1,0,0
RIG2|MeshPart|1.97,1.91,1.92|-1.05,0.49,0.39|-0,180,0|m=rbxassetid://76986563153459
10|MeshPart|2.62,0,7.46|-4.69,-1.36,1.78|-0,180,0|m=rbxassetid://71297659641167|c=0.40,0.78,0.83
7|MeshPart|11.24,0.72,12.42|0.63,-0.99,0.09|-0,180,0|m=rbxassetid://126536083868804|c=0.30,0.30,0.30
2|MeshPart|16.59,1.68,16.57|0,-0.56,0|-0,180,0|m=rbxassetid://106253004351122|c=0.43,0.60,0.79
3|MeshPart|17.34,1.77,17.01|0,-0.63,0|-0,180,0|m=rbxassetid://98789094126089|c=0.56,0.56,0.56
4|MeshPart|16.65,0.33,16.65|0,-1.35,0|-0,180,0|m=rbxassetid://78802468637772|c=0.72,0.72,0.72
1|MeshPart|16.59,1.77,16.85|0,-0.63,0|-0,180,0|m=rbxassetid://119452473223153|c=0.20,0.20,0.20
5|MeshPart|15.68,1.42,16.80|0,-0.62,0|-0,180,0|m=rbxassetid://84722872727833|c=0.14,0.14,0.14
6|MeshPart|16.02,0.35,15.05|0,-0.02,0|-0,180,0|m=rbxassetid://117666155946090|c=0.43,0.43,0.43
11|MeshPart|0.46,0,0.46|-1.05,-0.58,0.39|-0,180,0|m=rbxassetid://139893627254295|c=0.44,0.64,0.69
RIG1|MeshPart|0.83,0.87,0.81|-1.05,0.49,0.39|-0,180,0|m=rbxassetid://120899407696360
8|MeshPart|12.81,0,12.81|0,-1.36,0|-0,180,0|m=rbxassetid://126237693662243|c=0.17,0.46,0.21
9|MeshPart|11.74,0,12|0.13,-1.36,0|-0,180,0|m=rbxassetid://110901352433610|c=0.20,0.56,0.25

[Observation Tower]
ROOT|491.45,9.91,125.80
bounds|Part|4.40,19.82,4.40|0,0,0|-0,0,0|a=1|c=1,0,0
8|MeshPart|0.33,3.35,0.33|0,6.64,0.73|-0,-90,0|m=rbxassetid://100622359924133|c=0.91,0.91,0.91
3|MeshPart|4.72,0.33,4.72|0,-7.51,0|-0,-90,0|m=rbxassetid://90728730987575|c=0.57,0.52,0.38
1|MeshPart|4.35,13.39,4.35|0,-3.21,0|-0,-90,0|m=rbxassetid://117740212862913|c=0.56,0.56,0.56
4|MeshPart|1.93,16.62,2.09|0,1.03,-0.20|-0,-90,0|m=rbxassetid://76095978076128|c=0.20,0.20,0.20
2|MeshPart|4.12,12.67,4.12|0,-2.98,0|-0,-90,0|m=rbxassetid://107087462403576|c=0.43,0.60,0.79
6|MeshPart|1.64,1.22,1.64|0,-3.88,0.73|-0,-90,0|m=rbxassetid://83993547900222|c=0.43,0.43,0.43
5|MeshPart|1.36,10.11,1.36|0,-1.08,0.73|-0,-90,0|m=rbxassetid://89075878281238|c=0.72,0.72,0.72
7|MeshPart|0.58,4.50,0.58|0,6.08,0.73|-0,-90,0|m=rbxassetid://94472657749816|c=0.91,0.20,0.24

[Aegis Security Post]
ROOT|543.80,1.53,52
bounds|Part|6,3.05,9|0,0,0|-0,0,0|a=1|c=1,0,0
6|MeshPart|2.55,0.06,0.14|-0,-0.28,-2.85|-0,0,0|m=rbxassetid://121124970567618|c=0.32,0.32,0.32
7|MeshPart|5.69,2.23,8.38|0,-0.40,0|-0,0,0|m=rbxassetid://99270872101603|c=0.56,0.56,0.56
8|MeshPart|5.12,2.10,8.10|0,-0.36,0.15|-0,0,0|m=rbxassetid://76571119579525|c=0.18,0.18,0.18
1|MeshPart|6.77,2.44,8.86|0,-0.30,-0.02|-0,0,0|m=rbxassetid://98339890499892|c=0.18,0.18,0.18
4|MeshPart|5.13,2.10,7.99|0.03,-0.12,0.18|-0,0,0|m=rbxassetid://108317941499434|c=0.50,0.75,0.84
3|MeshPart|5.94,0.14,9.03|0,-1.45,0|-0,0,0|m=rbxassetid://119711470623586|c=0.30,0.30,0.30
5|MeshPart|5.69,1.10,8.57|0,-0.80,0.12|-0,0,0|m=rbxassetid://95548178441304|c=0.69,0.49,0.24
2|MeshPart|6.08,2.50,8.20|0,-0.28,0.25|-0,0,0|m=rbxassetid://85548686136417|c=0.71,0.71,0.71

[Balloon Cart]
ROOT|705.11,0.40,181.52
bounds|Part|0.55,1.18,0.72|0,0,0|-0,0,0|a=1|c=1,0,0
Wood2|MeshPart|0.38,0.22,0.60|0,-0.31,0.06|-0,0,0|m=rbxassetid://80300304537646|c=0.46,0.36,0.27
Wood|MeshPart|0.33,0.22,0.43|0,-0.26,0|-0,0,0|m=rbxassetid://116549860186656|c=0.56,0.44,0.33
standardBalloon|MeshPart|0.19,0.26,0.19|0,0.32,-0.04|-0,0,0|m=rbxassetid://74975518636717|c=0.43,0.60,0.79
dogBalloon|MeshPart|0.19,0.30,0.48|-0.20,0.22,-0.07|-0,-15,0|m=rbxassetid://91529198572212|c=0.49,0.61,0.42
MetalColor|MeshPart|0.03,0.45,0.03|0,-0.32,0.27|-0,0,0|m=rbxassetid://85175671470673|c=0.29,0.29,0.29
Cylinder|MeshPart|0.08,0.27,0.07|0,-0.24,0.27|-0,0,0|m=rbxassetid://94001295538902|c=0.64,0.29,0.29
circleBalloon|MeshPart|0.28,0.29,0.07|0.12,0.24,0.02|-0,45,0|m=rbxassetid://129460887005220|c=0.64,0.29,0.29
Top|MeshPart|0.28,0.03,0.33|0,-0.16,-0.01|-0,0,0|m=rbxassetid://111652251434760|c=0.37,0.37,0.37
Tire|MeshPart|0.43,0.34,0.54|0,-0.42,0.06|-0,0,0|m=rbxassetid://94967906611048|c=0.11,0.16,0.21
Wood3|MeshPart|0.43,0.40,0.53|0,-0.39,0.07|-0,0,0|m=rbxassetid://109494048423929|c=0.49,0.36,0.27

[Scout Watchtower]
ROOT|764.97,2.55,163.97
bounds|Part|1.90,4.90,1.80|0,0,0|-0,0,0|a=1|c=1,0,0
Door|MeshPart|0.19,0.38,0.02|0.28,0.85,0.38|-0,0,0|m=rbxassetid://70688287703515|c=0.38,0.29,0.14
Flag|MeshPart|0.44,0.31,0.01|0.45,2.12,-0.69|-0,0,0|m=rbxassetid://96825922745566|c=0.65,0,0
Metal2|MeshPart|1.81,3.81,1.78|0,-0.45,0|-0,0,0|m=rbxassetid://135511194083436|c=0.24,0.24,0.24
Metal|MeshPart|1.60,4.75,1.83|0,-0.05,0.12|-0,0,0|m=rbxassetid://129314556676828|c=0.29,0.29,0.29
Base|MeshPart|1.92,0.11,1.90|0,-2.39,0|-0,0,0|m=rbxassetid://79151678322127|c=0.29,0.29,0.29
MetalGreen|MeshPart|1.70,1.83,1.70|0,0.54,0|-0,0,0|m=rbxassetid://86694169831144|c=0.18,0.20,0.13
Windows|MeshPart|0.87,0.29,0.83|0,1.09,-0.05|-0,0,0|m=rbxassetid://83417057982738|c=0.43,0.60,0.79

[Behemoth Fortress]
ROOT|547.66,2.90,236.40
T2Base|MeshPart|1.43,1.04,1.80|0,0,0|-0,0,0|m=rbxassetid://75610615562239|c=0.35,0.35,0.35
2|MeshPart|0.99,0.89,1.57|-0.08,0.06,0|-0,0,0|m=rbxassetid://129827939987857|c=0.49,0.49,0.49
Gun2|MeshPart|3.26,1,1.17|1.56,0.28,0|-0,0,0|m=rbxassetid://119995759488941|c=0.25,0.25,0.25
rotationJoint2|Part|0.50,0.50,0.50|0.15,-0.30,0|-0,0,0|a=1
Gun1|MeshPart|1.80,0.86,0.84|-0.39,2.19,0|-0,0,0|m=rbxassetid://89011836167138|c=0.25,0.25,0.25
1|MeshPart|0.75,0.64,1.13|-1.27,1.95,0|-0,0,0|m=rbxassetid://73747542129602|c=0.49,0.49,0.49
T1Base|MeshPart|1.02,0.75,1.29|-1.19,1.91,0|-0,0,0|m=rbxassetid://118754341240504|c=0.35,0.35,0.35
rotationJoint1|Part|0.50,0.50,0.50|-1.10,1.75,0|-0,0,0|a=1
bounds|Part|5.90,8.80,9.65|-2.59,1.50,-0|0,-90,0|a=1|c=1,0,0
Metal|MeshPart|3.58,5.28,6.42|-3.47,-0.18,0|-0,0,0|m=rbxassetid://125667796208057|c=0.27,0.27,0.27
Main|MeshPart|9.44,6.53,6.49|-2.61,0.42,0|-0,0,0|m=rbxassetid://95781572277476|c=0.44,0.39,0.31
Top|MeshPart|1.92,3.18,3.08|-3.32,4.13,0.21|-0,0,0|m=rbxassetid://83294057666761|c=0.36,0.36,0.41
Circle|MeshPart|1.25,0.79,1.25|-2.62,4.30,0|-0,0,0|m=rbxassetid://78333141054570|c=0.91,0.91,0.93
Plating|MeshPart|8.89,6.27,5.45|-2.57,0.31,0|-0,0,0|m=rbxassetid://100202093764524|c=0.35,0.32,0.26
Trim|MeshPart|9.62,6.81,5.84|-2.61,0.50,0|-0,0,0|m=rbxassetid://97390409969616|c=0.30,0.27,0.21

[Skyport]
ROOT|780.45,4.50,135.60
bounds|Part|1.80,8.80,6.30|0,0,0|-0,0,0|a=1|c=1,0,0
Pad|MeshPart|8.19,1.29,5.72|0,-2.39,-0.14|-0,0,0|m=rbxassetid://134703762557876|c=0.20,0.20,0.20
Neon|MeshPart|3.40,0.33,2.12|0,1.25,0.25|-0,0,0|m=rbxassetid://126446786748421|c=0.50,0.73,0.86
Radar|MeshPart|3.24,2.35,1.65|-0.05,2.98,2.26|-0,0,0|m=rbxassetid://73296059074471
Metal|MeshPart|8.08,7.32,5.61|0,-0.74,-0.14|-0,0,0|m=rbxassetid://106000158600086|c=0.20,0.20,0.20
Metal|MeshPart|8,6.62,6.11|-0,-1.05,0.15|-0,0,0|m=rbxassetid://81109439369502|c=0.32,0.32,0.32
Neon|MeshPart|7.72,6.18,5.87|0,-0.85,0.17|-0,0,0|m=rbxassetid://133416625874143|c=0.50,0.73,0.86
Metal|MeshPart|8.59,7.14,6.33|0,-0.83,-0.04|-0,0,0|m=rbxassetid://123564089942714|c=0.48,0.48,0.48
Heli|MeshPart|5.92,1.29,3.80|0,-2.38,-0.14|-0,0,0|m=rbxassetid://83205730067779|c=0.71,0.64,0.40

[Particle Accelerator]
ROOT|710.93,3.60,194.37
bounds|Part|6.80,7.20,6.80|0,0,0|-0,0,0|a=1|c=1,0,0
Primary|MeshPart|7.29,6.70,7.91|0,-0.25,-0.12|-0,0,0|m=rbxassetid://70393737423194|c=0.48,0.48,0.48
Secondary|MeshPart|7.37,7.06,8.12|0,-0.07,0.01|-0,0,0|m=rbxassetid://73686094426532|c=0.32,0.32,0.32
3|MeshPart|3.65,0.99,3.16|0,-3.10,-0.35|-0,0,0|m=rbxassetid://127910924631855|c=0.43,0.43,0.43
Neon|MeshPart|6.66,5.83,6.99|0,0.21,0.20|-0,0,0|m=rbxassetid://135261207121128|c=0.50,0.73,0.86
5|MeshPart|4.66,5.24,4.16|0,-0.05,-0.50|-0,0,0|m=rbxassetid://82880469209641|c=0.14,0.14,0.14
6|MeshPart|1.90,2.34,1.65|0,2.02,-0.06|-0,0,0|m=rbxassetid://134761979765620|c=0.20,0.20,0.20

[Materials Research Wing]
ROOT|802.60,1.40,160.10
bounds|Part|12.50,2.60,12|0,0,0|-0,0,0|a=1|c=1,0,0
6|MeshPart|3.16,0.97,0.75|0,0.37,5.06|-0,0,0|m=rbxassetid://113038574667763|c=0.28,0.28,0.28
Primary|MeshPart|12.14,2.30,13.88|0,-0.15,-0.77|-0,0,0|m=rbxassetid://74653578562319|c=0.48,0.48,0.48
Secondary|MeshPart|12.33,2.18,13.93|0,-0.21,-0.70|-0,0,0|m=rbxassetid://117450480399785|c=0.32,0.32,0.32
4|MeshPart|12.01,1.95,13.61|0,-0.15,-0.70|-0,0,0|m=rbxassetid://98976113684502|c=0.14,0.14,0.14
5|MeshPart|12.01,1.11,13.36|0,-0.19,-0.58|-0,0,0|m=rbxassetid://86917209990140
7|MeshPart|9.72,0.11,9.72|0,-0.01,0.10|-0,0,0|m=rbxassetid://133278929571288|c=0.20,0.20,0.20
3|MeshPart|9.54,0,9.54|0,-1.23,0.10|-0,0,0|m=rbxassetid://118659404531576|c=0.20,0.20,0.20

[Regional Hub]
ROOT|485.76,0.73,197.39
MovingCrate|MeshPart|0.73,0.23,0.23|0,0,0|-0,0,0|m=rbxassetid://71805139040358|c=0.43,0.60,0.79
MovingCrateMetal|MeshPart|0.76,0.18,0.22|0,0,0|-0,0,0|m=rbxassetid://94029798991669|c=0.31,0.31,0.31
InnerCrane|MeshPart|0.43,0.69,0.19|-0.03,0.45,-0|-0,0,0|m=rbxassetid://78527954372543|c=0.29,0.29,0.29
Cables|MeshPart|0.19,0.15,0.07|-0.03,0.36,-0|-0,0,0|m=rbxassetid://75660735797533|c=0.12,0.12,0.12
InnerRailMoving|MeshPart|0.57,0.12,1.71|-0.03,0.53,0.39|-0,0,0|m=rbxassetid://93187449941634|c=0.68,0.39,0.18
rotationJoint2|Part|0.10,0.10,0.10|-0.03,0.45,-0|-0,-90,0
ElevatorFloor|MeshPart|0.60,0.01,0.60|1.08,-0.38,-0.87|-0,0,0|m=rbxassetid://133151042163595|c=0.58,0.33,0.16
Elevator|MeshPart|0.98,1.55,0.98|1.08,0.04,-0.87|-0,0,0|m=rbxassetid://108278031061241|c=0.68,0.39,0.18
Claw|MeshPart|0.43,0.69,0.19|-5.36,4.66,0.39|-0,0,0|m=rbxassetid://121631698848700|c=0.31,0.31,0.31
Cables|MeshPart|0.19,0.15,0.07|-5.36,4.58,0.39|-0,0,0|m=rbxassetid://116930603969399|c=0.12,0.12,0.12
MovingRails|MeshPart|0.57,0.12,1.94|-5.36,4.75,0.39|-0,0,0|m=rbxassetid://92279461912392|c=0.68,0.39,0.18
Cables|MeshPart|0.07,0.53,0.01|0.91,3.67,-0.56|-0,0,0|m=rbxassetid://122052159297444|c=0.12,0.12,0.12
Magnet|MeshPart|0.22,0.47,0.22|0.91,3.53,-0.56|-0,0,0|m=rbxassetid://107782177432442|c=0.31,0.31,0.31
Base|MeshPart|0.26,0.07,0.64|1.84,2.90,-0.55|-0,0,0|m=rbxassetid://136170160253245|c=0.25,0.25,0.25
CraneWire|MeshPart|1.63,0.41,0.27|1.47,4.12,-0.56|-0,0,0|m=rbxassetid://130435360064851|c=0.12,0.12,0.12
CraneOrange|MeshPart|0.73,1.05,0.29|2.05,3.57,-0.56|-0,0,0|m=rbxassetid://139061334735472|c=0.58,0.33,0.16
CraneOrange|MeshPart|1.61,1.40,0.44|1.48,3.62,-0.56|-0,0,0|m=rbxassetid://127566511440890|c=0.68,0.39,0.18
Wheels|MeshPart|0.33,0.08,0.58|1.84,2.87,-0.55|-0,0,0|m=rbxassetid://138400356566955|c=0.20,0.20,0.20
CraneOrange|MeshPart|0.44,1.06,1.61|1.23,0.46,1.34|-0,0,0|m=rbxassetid://129372588906270|c=0.68,0.39,0.18
Orange|MeshPart|0.29,0.72,0.73|1.23,0.41,1.91|-0,0,0|m=rbxassetid://123767271132940|c=0.58,0.33,0.16
Cables|MeshPart|0.27,0.41,1.63|1.23,0.79,1.33|-0,0,0|m=rbxassetid://115630728987762|c=0.12,0.12,0.12
Magnet|MeshPart|0.22,0.47,0.22|1.23,0.21,0.77|-0,0,0|m=rbxassetid://114607291030265|c=0.31,0.31,0.31
Cables|MeshPart|0.01,0.53,0.07|1.23,0.35,0.77|-0,0,0|m=rbxassetid://79609164605042|c=0.12,0.12,0.12
rotationJoint1|Part|0.10,0.10,0.10|1.23,-0.04,1.70|-0,-90,0
CraneOrange|MeshPart|0.20,0.10,0.35|1.23,0,1.70|-0,0,0|m=rbxassetid://134283190104569|c=0.68,0.39,0.18
DarkOrange|MeshPart|0.90,0.25,0.90|1.23,-0.18,1.70|-0,0,0|m=rbxassetid://88376792297273|c=0.56,0.33,0.15
MetalColor|MeshPart|0.66,0.13,0.66|1.23,-0.18,1.70|-0,0,0|m=rbxassetid://118524794889465|c=0.25,0.25,0.25
MetalColor|MeshPart|0.98,0.10,0.98|1.23,-0.35,1.70|-0,0,0|m=rbxassetid://79419281780651|c=0.24,0.24,0.24
CrateMetal|MeshPart|0.76,0.18,0.24|-0.38,-0.28,0.88|-0,0,0|m=rbxassetid://127335544895935|c=0.31,0.31,0.31
Yellow|MeshPart|4.52,0.01,3.35|-7.58,3.62,0.39|-0,0,0|m=rbxassetid://112438233927902|c=0.94,0.78,0.22
CrateMetal|MeshPart|0.76,0.18,0.22|-0.38,-0.28,1.15|-0,0,0|m=rbxassetid://103795270777857|c=0.31,0.31,0.31
Crate|MeshPart|0.73,0.23,0.23|-0.38,-0.28,1.15|-0,0,0|m=rbxassetid://135183318295152|c=0.18,0.20,0.13
Bars|MeshPart|1.38,0.08,2.35|-9.19,3.45,0.39|-0,0,0|m=rbxassetid://87675709069586|c=0.49,0.49,0.49
Fans|MeshPart|4.26,2.06,2.28|-1.32,4.44,0.03|-0,0,0|m=rbxassetid://105336546646302|c=0.35,0.35,0.35
FanInner|MeshPart|4.29,2.05,2.31|-1.32,4.42,0.02|-0,0,0|m=rbxassetid://83622268702054|c=0.11,0.16,0.21
Rails|MeshPart|0.37,0.05,1.27|1.84,2.83,-0.83|-0,0,0|m=rbxassetid://77148329817317|c=0.68,0.39,0.18
MainMetal|MeshPart|11.97,6.61,4.29|-3.90,2.85,0.39|-0,0,0|m=rbxassetid://75502852859189|c=0.49,0.49,0.49
Bars|MeshPart|0.65,0.09,1.28|-9.39,3.35,0.39|-0,0,0|m=rbxassetid://93394922857615|c=0.49,0.49,0.49
bounds|Part|3.90,7.52,10.50|-3.40,3.22,0.39|-0,90,0|a=1|c=1,0,0
OrangeTop|MeshPart|0.16,0.16,0.14|-8.37,5.55,1.34|-0,0,0|m=rbxassetid://92519673715416|c=0.68,0.39,0.18
DarkGray|MeshPart|10.70,5.63,3.39|-3.90,2.37,0.39|-0,0,0|m=rbxassetid://77130663381178|c=0.33,0.33,0.33
MainBaseColor|MeshPart|10.78,6.02,4.29|-3.30,2.46,0.39|-0,0,0|m=rbxassetid://110203529772251|c=0.18,0.20,0.13
Black|MeshPart|11.96,7.07,3.95|-3.89,3.07,0.33|-0,0,0|m=rbxassetid://135424401094108|c=0.24,0.24,0.24
Shielding|MeshPart|5.12,1.51,1.97|-4.78,1.38,0.39|-0,0,0|m=rbxassetid://128249112548015|c=0.27,0.27,0.27
Crate|MeshPart|0.74,0.23,0.25|-0.38,-0.28,0.88|-0,0,0|m=rbxassetid://89682815643420|c=0.18,0.20,0.13
Flooring|MeshPart|10.49,0.16,3.98|-3.36,-0.47,0.39|-0,0,0|m=rbxassetid://87578794425197|c=0.11,0.16,0.21
Inside|MeshPart|6,1.92,1.96|-4.78,1.42,0.39|-0,0,0|m=rbxassetid://136032838468592|c=0.59,0.59,0.59
Rails|MeshPart|3.57,0.13,2.04|-6.56,4.74,0.39|-0,0,0|m=rbxassetid://123898281538885|c=0.68,0.39,0.18
MainBaseColor|MeshPart|0.37,0.26,0.34|-0.56,3.65,0.97|-0,0,0|m=rbxassetid://93200384737143|c=0.18,0.20,0.13
InnerRailing|MeshPart|4.99,0.13,1.80|-2.11,0.53,0.39|-0,0,0|m=rbxassetid://77372186189772|c=0.68,0.39,0.18
OrangeTop|MeshPart|0.35,1.04,3.17|-1.23,3.86,0.22|-0,0,0|m=rbxassetid://105689756036052|c=0.68,0.39,0.18
Lights|MeshPart|4.93,0.96,1.78|-4.78,1.39,0.39|-0,0,0|m=rbxassetid://90241883678747|c=0.91,0.91,0.93

[ATV Tent]
ROOT|731.44,1.25,160
bounds|Part|4.40,2.31,2.90|0,0,0|-0,0,0|a=1|c=1,0,0
Windows|MeshPart|4.43,2.02,2.44|0,-0.09,0.20|-0,0,0|m=rbxassetid://135507578557233|c=0.22,0.29,0.24
ATV Metal|MeshPart|1.59,0.45,1.30|0,-0.52,-0.75|-0,0,0|m=rbxassetid://129216083599110|c=0.39,0.39,0.39
Tires|MeshPart|1.65,0.52,1.21|0,-0.64,-0.76|-0,0,0|m=rbxassetid://132747241708246|c=0.11,0.16,0.21
Metal2|MeshPart|3.96,1.42,3.42|0,0.33,-0.41|-0,0,0|m=rbxassetid://87330359977653|c=0.49,0.49,0.49
Metal|MeshPart|1.73,0.27,3.01|0,-0.99,-0.88|-0,0,0|m=rbxassetid://83517787486066|c=0.35,0.35,0.35
Bars|MeshPart|4.03,2.19,3.77|0,-0.06,-0.42|-0,0,0|m=rbxassetid://102623469696039|c=0.15,0.27,0.20
Main|MeshPart|4.39,2,3.53|0,-0.09,-0.35|-0,0,0|m=rbxassetid://120263074692427|c=0.24,0.36,0.27
Floor|MeshPart|4.22,0.04,2.03|0,-1.07,0.20|-0,0,0|m=rbxassetid://125748982431871|c=0.11,0.16,0.21
ATV Green|MeshPart|1.69,0.53,1.22|0,-0.55,-0.74|-0,0,0|m=rbxassetid://102892961090304|c=0.30,0.41,0.34

[Derelict Factory]
ROOT|725.93,5.43,149.60
bounds|Part|15,10.67,13.35|0,0,0|-0,0,0|a=1|c=1,0,0
Black|MeshPart|12.37,3.72,9.67|-0.11,-3.47,0.10|-0,0,0|m=rbxassetid://85052258703573|c=0.14,0.14,0.14
Base|MeshPart|14.88,0.07,13.34|0,-5.29,0|-0,0,0|m=rbxassetid://74588231906794|c=0.37,0.37,0.37
MetalColor|MeshPart|13.57,10.28,11.41|0.01,-0.20,0.17|-0,0,0|m=rbxassetid://85982969701084|c=0.32,0.32,0.32
MetalColor|MeshPart|13.22,8.18,11.52|-0.01,-1.25,0.13|-0,0,0|m=rbxassetid://96463437320198|c=0.20,0.20,0.20
Neon|MeshPart|12.89,7.42,11.41|-0.02,-1.47,0.13|-0,0,0|m=rbxassetid://73858571468495|c=0.50,0.75,0.84

[Huey Helipad]
ROOT|740.05,0.59,159
bounds|Part|4.50,0.98,4.50|0,0,0|-0,0,0|a=1|c=1,0,0
10|MeshPart|3.56,0.03,3.56|0,0.17,0.25|-0,0,0|m=rbxassetid://106158398545964
5|MeshPart|3.81,0.14,3.81|0,-0.42,0.25|-0,0,0|m=rbxassetid://107461754302413|c=0.32,0.32,0.32
1|MeshPart|3.62,0.39,3.62|0,-0.15,0.25|-0,0,0|m=rbxassetid://114664013059327|c=0.30,0.30,0.30
6|MeshPart|5.02,0.69,5.02|0,-0.13,0.25|-0,0,0|m=rbxassetid://89273850691589|c=0.43,0.43,0.43
4|MeshPart|3.62,0.39,3.62|0,-0.15,0.25|-0,0,0|m=rbxassetid://129973178181927|c=0.56,0.56,0.56
2|MeshPart|2.63,0,2.63|0,0.04,0.25|-0,0,0|m=rbxassetid://71852168293266|c=0.72,0.72,0.72
3|MeshPart|1.68,0,1.68|0,0.04,0.25|-0,0,0|m=rbxassetid://127543188455978|c=0.85,0.60,0.30
8|MeshPart|4.01,0.70,3.77|0,-0.12,0.13|-0,0,0|m=rbxassetid://70708274249124|c=0.20,0.20,0.20
Base|MeshPart|5.99,0.06,5.47|0,-0.46,-0.03|-0,0,0|m=rbxassetid://138442769758266|c=0.35,0.30,0.26
9|MeshPart|4.98,0.08,4.98|0,0.14,0.25|-0,0,0|m=rbxassetid://86998155572033|a=0.15|c=0.14,0.14,0.14

[Farm]
ROOT|695.45,2.36,102.60
bounds|Part|1,2.57,1|0,0,0|-0,0,0|a=1|c=1,0,0
Tail|MeshPart|1.60,0.78,1.18|0.91,-0.56,-4.88|-0,47.40,0|m=rbxassetid://15396364680
Retopo|MeshPart|1.87,2.46,2.17|1.76,-1.13,-4.12|-0,47.40,0|m=rbxassetid://15396364720|t=rbxassetid://10881049190
head|MeshPart|0.48,0.43,0.63|1.90,-0.09,-4|-0,47.40,0|m=rbxassetid://15396364672
Fence|MeshPart|3.58,0.36,4.90|-3.48,-1.05,-2.06|-0,0,0|m=rbxassetid://84714360188546|c=0.35,0.30,0.26
Grass2|MeshPart|6.58,0.30,6.28|1.50,-1.22,-4.12|-0,0,0|m=rbxassetid://124667181479838|c=0.15,0.42,0.19
Path|MeshPart|11.27,0.09,11.92|0.36,-1.16,0.80|-0,0,0|m=rbxassetid://110284244269635|c=0.57,0.49,0.39
Hedges|MeshPart|3.14,0.24,1.20|4.06,-0.97,0.35|-0,0,0|m=rbxassetid://123347523412514|c=0.20,0.31,0.17
Floor1|MeshPart|3.48,0.12,4.93|-3.48,-1.14,-2.14|-0,0,0|m=rbxassetid://77637897181284|c=0.57,0.49,0.39
Water|MeshPart|3.89,0.06,3.70|1.43,-1.15,-4.10|-0,0,0|m=rbxassetid://111751493959718|a=0.10|c=0.31,0.41,0.45
Path2|MeshPart|11.27,0.09,11.94|0.36,-1.16,0.81|-0,0,0|m=rbxassetid://76484680797544|c=0.48,0.41,0.33
Grass|MeshPart|13.35,0.18,17.25|0,-1.29,0|-0,0,0|m=rbxassetid://97040888373153|c=0.20,0.56,0.25
Dirt|MeshPart|3.42,0.13,1.98|4.05,-1.16,0.32|-0,0,0|m=rbxassetid://120945709284863|c=0.49,0.36,0.27
Dirt2|MeshPart|3.20,0.13,4.73|-3.50,-1.08,-2.15|-0,0,0|m=rbxassetid://103443883317196|c=0.30,0.26,0.18
Dirt|MeshPart|4.03,0.09,3.84|1.44,-1.11,-4.10|-0,0,0|m=rbxassetid://139123444382265|c=0.49,0.36,0.27
Red|MeshPart|1.60,1.76,2.99|4.14,-0.30,4.08|-0,0,0|m=rbxassetid://90182742668228|c=0.64,0.29,0.29
Dirt|MeshPart|5.59,0.22,3.23|-2.29,-1.16,5.43|-0,0,0|m=rbxassetid://110299569870205|c=0.49,0.36,0.27
Roof|MeshPart|2.02,1.87,3.04|4.14,-0.27,4.08|-0,0,0|m=rbxassetid://126095621891001|c=0.28,0.28,0.28

[LARGE Farm]
ROOT|681.85,4.97,102.60
bounds|Part|1,2.57,1|0,0,0|-0,0,0|a=1|c=1,0,0
Tail|MeshPart|1.60,0.78,1.18|0.91,-0.56,-4.88|-0,47.40,0|m=rbxassetid://15396364680
Retopo|MeshPart|1.87,2.46,2.17|1.76,-1.13,-4.12|-0,47.40,0|m=rbxassetid://15396364720|t=rbxassetid://10881049190
head|MeshPart|0.48,0.43,0.63|1.90,-0.09,-4|-0,47.40,0|m=rbxassetid://15396364672
Fence|MeshPart|3.58,0.36,4.90|-3.48,-1.05,-2.06|-0,0,0|m=rbxassetid://84714360188546|c=0.35,0.30,0.26
Grass2|MeshPart|6.58,0.30,6.28|1.50,-1.22,-4.12|-0,0,0|m=rbxassetid://124667181479838|c=0.15,0.42,0.19
Path|MeshPart|11.27,0.09,11.92|0.36,-1.16,0.80|-0,0,0|m=rbxassetid://110284244269635|c=0.57,0.49,0.39
Hedges|MeshPart|3.14,0.24,1.20|4.06,-0.97,0.35|-0,0,0|m=rbxassetid://123347523412514|c=0.20,0.31,0.17
Floor1|MeshPart|3.48,0.12,4.93|-3.48,-1.14,-2.14|-0,0,0|m=rbxassetid://77637897181284|c=0.57,0.49,0.39
Water|MeshPart|3.89,0.06,3.70|1.43,-1.15,-4.10|-0,0,0|m=rbxassetid://111751493959718|a=0.10|c=0.31,0.41,0.45
Path2|MeshPart|11.27,0.09,11.94|0.36,-1.16,0.81|-0,0,0|m=rbxassetid://76484680797544|c=0.48,0.41,0.33
Grass|MeshPart|13.35,0.18,17.25|0,-1.29,0|-0,0,0|m=rbxassetid://97040888373153|c=0.20,0.56,0.25
Dirt|MeshPart|3.42,0.13,1.98|4.05,-1.16,0.32|-0,0,0|m=rbxassetid://120945709284863|c=0.49,0.36,0.27
Dirt2|MeshPart|3.20,0.13,4.73|-3.50,-1.08,-2.15|-0,0,0|m=rbxassetid://103443883317196|c=0.30,0.26,0.18
Dirt|MeshPart|4.03,0.09,3.84|1.44,-1.11,-4.10|-0,0,0|m=rbxassetid://139123444382265|c=0.49,0.36,0.27
Red|MeshPart|1.60,1.76,2.99|4.14,-0.30,4.08|-0,0,0|m=rbxassetid://90182742668228|c=0.64,0.29,0.29
Dirt|MeshPart|5.59,0.22,3.23|-2.29,-1.16,5.43|-0,0,0|m=rbxassetid://110299569870205|c=0.49,0.36,0.27
Roof|MeshPart|2.02,1.87,3.04|4.14,-0.27,4.08|-0,0,0|m=rbxassetid://126095621891001|c=0.28,0.28,0.28

[Sentinel Response Center]
ROOT|764.40,1.98,125.95
bounds|Part|2.70,2.05,2.70|0,0,0|-0,0,0|a=1|c=1,0,0
Main4.002|MeshPart|2.68,1.57,2.63|0,-0.24,-0|-0,180,0|m=rbxassetid://91586471852451|c=0.22,0.22,0.22
RedNEON.001|MeshPart|2.31,0.93,1.69|0,-0.09,0.41|-0,180,0|m=rbxassetid://85644938196550|c=0.86,0.40,0.40
Main3.005|MeshPart|2.60,1.95,2.63|0,-0.05,0|-0,180,0|m=rbxassetid://128111993954946|c=0.17,0.18,0.23
Main2.006|MeshPart|2.61,1.94,2.59|0,-0.05,-0.01|-0,180,0|m=rbxassetid://121700049954586|c=0.20,0.22,0.27
Main1.006|MeshPart|2.50,1.94,2.50|0,-0.06,-0.01|-0,180,0|m=rbxassetid://81499418884901|c=0.31,0.33,0.42

[Sentinel Operations Building]
ROOT|794.66,2.75,128.51
bounds|Part|7.40,3.60,6.30|0,0,0|-0,0,0|a=1|c=1,0,0
A|MeshPart|7,1.68,3.06|0.03,-0.92,1.19|-0,180,0|m=rbxassetid://85560676149245|c=0.20,0.22,0.27
Meshes/Tier1operatorBUILDING_Cube.170|MeshPart|7.08,1.52,5.54|-0.05,-0.91,0.04|-0,180,0|m=rbxassetid://116375183025143|c=0.86,0.40,0.40
Meshes/Tier1operatorBUILDING_Cube.179|MeshPart|7.13,1.67,5.81|-0.05,-0.96,0.04|-0,180,0|m=rbxassetid://119336801395076|c=0.29,0.29,0.29
Meshes/Tier1operatorBUILDING_Cube.169|MeshPart|1.76,0.01,1.60|-2.19,-1.76,-1.64|-0,180,0|m=rbxassetid://113442693287438|c=0.31,0.33,0.42
Meshes/Tier1operatorBUILDING_Cube.156|MeshPart|7.22,0.03,6.01|0,-1.78,0|-0,180,0|m=rbxassetid://139652433788518|c=0.20,0.22,0.27
Meshes/Tier1operatorBUILDING_Cube.175|MeshPart|7.18,0.42,5.94|0.01,-1.55,0.01|-0,180,0|m=rbxassetid://74688361686268|c=0.31,0.33,0.42
Meshes/Tier1operatorBUILDING_Cube.173|MeshPart|6.25,1.27,2.06|-0.18,-1.12,0.86|-0,180,0|m=rbxassetid://94164549786698|c=0.20,0.22,0.27
A|MeshPart|6.38,1.82,2.78|-0.25,-0.85,1.28|-0,180,0|m=rbxassetid://79217587052529|c=0.31,0.33,0.42
Meshes/Tier1operatorBUILDING_Cube.177|MeshPart|1.63,0.18,0.06|-2.54,-0.72,2.19|-0,180,0|m=rbxassetid://119948842282803|c=0.11,0.16,0.21
Meshes/Tier1operatorBUILDING_Cube.178|MeshPart|6.54,1.86,2.97|-0.18,-0.83,1.19|-0,180,0|m=rbxassetid://104044703744987|c=0.26,0.27,0.35
Meshes/Tier1operatorBUILDING_Cube.168|MeshPart|6.21,0.75,2.41|-0.20,-1.38,1.03|-0,180,0|m=rbxassetid://100127194852617|c=0.12,0.12,0.12
Meshes/Tier1operatorBUILDING_Cube.176|MeshPart|7.14,0.08,5.84|0.01,-1.31,0.04|-0,180,0|m=rbxassetid://84905592267908|c=0.20,0.22,0.27
Meshes/Tier1operatorBUILDING_Cube.171|MeshPart|6.91,0.44,4.29|0.15,-1.54,-0.37|-0,180,0|m=rbxassetid://135694207011924|c=0.94,0.72,0.22

[Sentinel Barracks]
ROOT|777.70,1.77,128.55
bounds|Part|3,1.65,5.40|0,0,0|-0,0,0|a=1|c=1,0,0
Main3.007|MeshPart|5.40,1.31,2.97|0,-0.17,0|-0,90,0|m=rbxassetid://123690802708966|c=0.17,0.18,0.23
NeonRED.001|MeshPart|4.88,0.46,1.86|0,-0.16,-0.22|-0,90,0|m=rbxassetid://140396743152600|c=0.86,0.40,0.40
Main1.008|MeshPart|5.10,0.98,2.87|0,-0.32,-0.03|-0,90,0|m=rbxassetid://96981281995908|c=0.31,0.33,0.42
Main2.008|MeshPart|5.20,1.02,2.89|0,-0.28,-0.02|-0,90,0|m=rbxassetid://75196926751054|c=0.20,0.22,0.27
WindowsDARK.001|MeshPart|0,0.23,1.48|0,-0.02,-2.53|-0,90,0|m=rbxassetid://114399226215850|c=0.11,0.16,0.21

[Sentinel Munitions Assembly]
ROOT|784.90,2.95,130.95
bounds|Part|6,4,12.60|0,0,0|-0,0,0|a=1|c=1,0,0
Main2.007|MeshPart|12.19,3.35,7.76|0,-0.33,-0.21|-0,-90,0|m=rbxassetid://131532157544423|c=0.20,0.22,0.27
NeonRED|MeshPart|5.54,1.28,7.56|0,-0.60,2.52|-0,-90,0|m=rbxassetid://100333369156208|c=0.86,0.40,0.40
Main5|MeshPart|4.99,1.09,7.34|0,-1.33,2.64|-0,-90,0|m=rbxassetid://103056025960194|c=0.29,0.29,0.29
Main4.003|MeshPart|10.83,2.36,6.96|0,-0.82,-0.10|-0,-90,0|m=rbxassetid://98413377625882|c=0.22,0.22,0.22
WindowsDARK|MeshPart|10.74,1.53,4.67|0,0.09,-0.11|-0,-90,0|m=rbxassetid://86899474661087|c=0.11,0.16,0.21
Main3.006|MeshPart|12.56,3.33,7.59|0,-0.33,0.02|-0,-90,0|m=rbxassetid://87526802427110|c=0.17,0.18,0.23
Main1.007|MeshPart|11.67,3.28,7.59|0,-0.34,0.03|-0,-90,0|m=rbxassetid://90759002261831|c=0.31,0.33,0.42

[Sentinel Listening Post]
ROOT|770.97,3.82,127.65
Satelite|MeshPart|5.46,2.12,3.04|0,0,0|-0,0,0|m=rbxassetid://123663794241977|c=0.62,0.63,0.67
DarkWindows|MeshPart|4.78,2.20,2.91|-2.98,-1.46,0.35|-0,0,0|m=rbxassetid://95388253858906|c=0.11,0.16,0.21
Main3.004|MeshPart|9.47,5.32,5.70|-1.45,-0.21,-0.27|-0,0,0|m=rbxassetid://132153691730885|c=0.17,0.18,0.23
Main4.001|MeshPart|8.12,3.58,4.24|-1.79,-1.04,-0.26|-0,0,0|m=rbxassetid://75426600120104|c=0.22,0.22,0.22
RedNeon.001|MeshPart|0.55,0.63,0.26|-3.86,2.18,0.02|-0,0,0|m=rbxassetid://106008415751410|c=0.86,0.40,0.40
Main2.005|MeshPart|8.93,3.55,5.08|-1.45,-1.02,0|-0,0,0|m=rbxassetid://91280933867142|c=0.20,0.22,0.27
Main1.005|MeshPart|9.39,3.64,5.58|-1.45,-1.05,-0.25|-0,0,0|m=rbxassetid://118137244536112|c=0.31,0.33,0.42
bounds|Part|5.20,5.60,9.50|-1.45,-0.07,-0.02|-0,90,0|a=1|c=1,0,0

[Orbital Outpost]
ROOT|819.10,17.25,129.05
bounds|Part|1,32.60,1|0,0,0|-0,0,0|a=1|c=1,0,0
Meshes/Space Station_SSTATION4|MeshPart|2.59,8,5.87|0,9.92,-0.41|-0,180,0|m=rbxassetid://121858453098367|c=0.43,0.73,1
A|MeshPart|4.19,10.42,6.79|0,10.87,0|-0,180,0|m=rbxassetid://96889775793326|c=0.33,0.33,0.33
A|MeshPart|2.59,10.98,3.70|0,10.54,0.46|-0,180,0|m=rbxassetid://110590762330800|c=0.49,0.49,0.49
Meshes/Space Station_SSTATION1|MeshPart|3.85,10.73,6.22|0,10.68,0.11|-0,180,0|m=rbxassetid://84519668821742|c=0.25,0.25,0.25

[Data Center]
ROOT|697.89,4.90,161.81
bounds|Part|10.30,9.40,11.70|0,0,0|-0,0,0|a=1|c=1,0,0
Meshes/Data Center_3|MeshPart|9.64,7.42,8.97|0.40,-0.70,0.36|-0,0,0|m=rbxassetid://126217424066578|c=0.27,0.26,0.26
Meshes/Data Center_4|MeshPart|9.67,7.45,9|0.35,-0.68,0.37|-0,0,0|m=rbxassetid://85935182349958|c=0.84,0.71,0.53
Meshes/Data Center_2|MeshPart|10.33,0.08,11.08|0.01,-4.41,0.01|-0,0,0|m=rbxassetid://110876632786602|c=0.33,0.32,0.33
Meshes/Data Center_7|MeshPart|8.16,6.38,2.48|0.58,0.95,3.25|-0,0,0|m=rbxassetid://103035821031102|c=0.20,0.20,0.20
Meshes/Data Center_1|MeshPart|11.34,7.58,12.11|0,-0.91,0|-0,0,0|m=rbxassetid://90041810719549|c=0.48,0.47,0.47
Meshes/Data Center_5|MeshPart|9.25,8.21,8.34|0.28,0.14,0.30|-0,0,0|m=rbxassetid://84436813267895|c=1,1,1
Meshes/Data Center_6|MeshPart|8.92,5.09,8.71|0.19,-1.79,0.28|-0,0,0|m=rbxassetid://87082143196288|c=0.11,0.16,0.21

[Wing Command]
ROOT|702.03,3.33,145.20
bounds|Part|8.70,6.25,7|0,0,0|-0,0,0|a=1|c=1,0,0
a|MeshPart|0.63,0.84,0|0,-2.36,-1.92|-0,0,0|m=rbxassetid://109957033594363|c=0.35,0.30,0.26
a|MeshPart|8.38,2.48,3.14|0,-1.67,0|-0,0,0|m=rbxassetid://119628694683003|c=0.59,0.59,0.59
a|MeshPart|8.70,3.10,6.98|0,-1.57,0|-0,0,0|m=rbxassetid://87675336506250|c=0.69,0.69,0.69
a|MeshPart|8.54,0.22,5.77|0,-0.19,0|-0,0,0|m=rbxassetid://107756696652251|c=0.69,0.69,0.69
a|MeshPart|8.01,1.02,4.79|0,-2.04,0|-0,0,0|m=rbxassetid://88410769423873|c=0.43,0.60,0.79
a|MeshPart|4.97,2.44,5.55|0,-1.87,0|-0,0,0|m=rbxassetid://125705717337479|c=0.59,0.59,0.59
a|MeshPart|0.67,0.88,0.03|0,-2.36,-1.92|-0,0,0|m=rbxassetid://102365816663909|c=0.18,0.18,0.18
a|MeshPart|0.46,2.88,0.46|0,1.38,0|-0,0,0|m=rbxassetid://99651953881943|c=0.29,0.29,0.29
a|MeshPart|8.29,0,5.50|0,-0.41,0|-0,0,0|m=rbxassetid://133827879497338|c=0.44,0.36,0.33
a|MeshPart|8.23,0.46,6.96|0,-2.76,0|-0,0,0|m=rbxassetid://104560904148116|c=0.69,0.69,0.69
a|MeshPart|5.88,0.54,3.78|0,-0.16,0|-0,0,0|m=rbxassetid://71568516286978|c=0.22,0.22,0.22
a|MeshPart|1.18,0.44,0.44|-0.59,2.52,0.22|-0,0,0|m=rbxassetid://71731357577208|c=0.53,0.24,0.24

[Providence Station]
ROOT|781.44,29.63,162.78
Reinforcement3|MeshPart|11.18,11.18,26.40|0,0,0|-0,0,0|m=rbxassetid://120571211893698
WhiteNeon|MeshPart|10.80,10.80,25.45|-0,0,-0.06|-0,0,0|m=rbxassetid://122227569060225
Pipes|MeshPart|11.10,10.92,26.51|-0,0,0.01|-0,0,0|m=rbxassetid://84470023335554|c=0.29,0.29,0.29
Reinforcment2|MeshPart|11.89,11.29,26.63|0,0,0.02|-0,0,0|m=rbxassetid://133003893509888|c=0.55,0.47,0.15
Main3.010|MeshPart|11.80,9.71,25.45|-0,0,-0.06|-0,0,0|m=rbxassetid://132034213598877|c=0.25,0.25,0.25
RedNeon.002|MeshPart|11.16,11.16,27.18|-0,0,0.22|-0,0,0|m=rbxassetid://74731400081551|c=1,0.38,0.38
Main1.011|MeshPart|11.50,11.50,25.63|-0,0,-0.05|-0,0,0|m=rbxassetid://101563378544265|c=0.49,0.49,0.49
Pipes2|MeshPart|12.25,11.50,13.63|-0,0.05,5.88|-0,0,0|m=rbxassetid://131884596184716|c=0.20,0.20,0.20
Reinforcement|MeshPart|12.05,11.87,24.10|0,0,-0.15|-0,0,0|m=rbxassetid://100503015434474|c=0.25,0.25,0.25
Main2.011|MeshPart|11.61,11.10,25.63|-0,0,-0.05|-0,0,0|m=rbxassetid://130057052172341|c=0.22,0.24,0.29
Antennas|MeshPart|11.16,11.16,27.12|-0,0,0.22|-0,0,0|m=rbxassetid://109862123593222|c=0.35,0.35,0.35
bounds|Part|1,43.95,1|-0,-6.71,0.22|-0,90,0|a=1|c=1,0,0

[Howitzer]
ROOT|801.35,2.09,277.59
Meshes/Howitzer_Barrel 1|MeshPart|0.13,1.01,2.27|0,0,0|-0,0,0|m=rbxassetid://98027612766224|c=0.39,0.39,0.39
Meshes/Howitzer_Barrel 2|MeshPart|0.17,0.34,0.71|0,0.32,-0.62|-0,0,0|m=rbxassetid://97833540180652|c=0.55,0.47,0.40
Meshes/Howitzer_Barrel 3|MeshPart|0.08,0.07,0.03|0,0.24,-0.36|-0,0,0|m=rbxassetid://74891366026400
rotationJoint|Part|0.12,0.12,0.12|0,0.21,-0.31|-25,180,0|a=1|c=0.11,0.16,0.21
bounds|Part|3.50,3.60,3.50|0,-0.29,3.16|-0,0,0|a=1|c=1,0,0
Meshes/Howitzer_Grey 2|MeshPart|1.84,0.92,1.62|0,-1.62,1.98|-0,0,0|m=rbxassetid://102240374784947|c=0.11,0.16,0.21
Meshes/Howitzer_Grey 4|MeshPart|2.23,1.48,3.42|0,-1.35,3.29|-0,0,0|m=rbxassetid://74791674649545|c=0.20,0.20,0.20
Meshes/Howitzer_Grey|MeshPart|3.50,1.63,3.36|0,-1.27,2.91|-0,0,0|m=rbxassetid://90883663586695|c=0.29,0.29,0.29
Meshes/Howitzer_Main|MeshPart|1.70,1.65,3.02|0,-1.23,2.60|-0,0,0|m=rbxassetid://88454263586848|c=0.55,0.47,0.40
Meshes/Howitzer_Grey 3|MeshPart|1.32,1.26,1.97|0,-1.20,2.41|-0,0,0|m=rbxassetid://79110542932533|c=0.39,0.39,0.39
Part|Part|0.10,0.10,0.20|0,0.36,-0.60|-25,180,0|a=1
ArtilleryShell|Part|0.10,0.10,0.10|18.75,14.69,-0.77|-0,180,0|a=1

[Field Tent]
ROOT|739.17,0.22,140.37
Cube.116|MeshPart|1.01,0.02,2.10|0,0,0|-0,0,0|m=rbxassetid://84722652834928|c=0.11,0.16,0.21
LaptopKEyboard|MeshPart|0.07,0,1.26|-1.62,0.15,0.25|-0,0,0|m=rbxassetid://80510490268505|c=0.36,0.36,0.41
MaintentDOUBLESIDETHIS|MeshPart|1.21,1,2.19|-2,0.49,0|-0,0,0|m=rbxassetid://81781271226438|c=0.24,0.36,0.27
Desks|MeshPart|0.27,0.16,1.40|-1.65,0.07,0.25|-0,0,0|m=rbxassetid://109965851713140|c=0.49,0.36,0.27
LaptopGlow|MeshPart|0.01,0.06,1.26|-1.57,0.21,0.25|-0,0,0|m=rbxassetid://132502233023493|c=0.79,0.80,0.82
LaptopCase|MeshPart|0.12,0.10,1.28|-1.62,0.20,0.25|-0,0,0|m=rbxassetid://98954802555212|c=0.11,0.16,0.21
bounds|Part|3,1.27,2|-1,0.62,0|-0,0,0|a=1|c=1,0,0
Cube.113|MeshPart|1.21,1,2.19|0,0.49,0|-0,0,0|m=rbxassetid://134360014511604|c=0.24,0.36,0.27
Cube.111|MeshPart|1.22,1.01,2.20|0,0.49,0|-0,0,0|m=rbxassetid://115612251195904|c=0.18,0.27,0.21
Cube.112|MeshPart|1.22,1,2.20|-2,0.49,0|-0,0,0|m=rbxassetid://137855519449611|c=0.18,0.27,0.21
Cube.115|MeshPart|1.01,0.02,2.10|-2,0,0|-0,0,0|m=rbxassetid://138756609502359|c=0.11,0.16,0.21
Cube.114|MeshPart|0.29,0.56,0.81|-2.35,0.60,0.49|-0,0,0|m=rbxassetid://93673217795294|c=0.84,0.77,0.60
Cube.118|MeshPart|0.23,1.07,0.88|-2.31,0.53,0.24|-0,0,0|m=rbxassetid://90027900013444|c=0.29,0.29,0.29
Cube.117|MeshPart|0.19,0.96,0.88|-2.31,0.58,0.24|-0,0,0|m=rbxassetid://83625629897938|c=0.39,0.39,0.39

[Valkyrie Nexus]
ROOT|768.97,2.14,141.07
Meshes/Wolverine Barracks_B Light|MeshPart|3.42,1.80,1.53|0,0,0|-0,0,0|m=rbxassetid://77253774726137|c=0.79,0.80,0.82
bounds|Part|5.50,3.60,5|0,0.61,0.87|-0,0,0|a=1|c=1,0,0
Meshes/Wolverine Barracks_B Main|MeshPart|5.34,3.05,4.19|0,0.34,1.14|-0,0,0|m=rbxassetid://75103694275806|c=0.29,0.28,0.21
movingpart|MeshPart|0.94,0.40,0.34|-2.37,1.90,2.10|-0,0,0|m=rbxassetid://97344055979948|c=0.29,0.28,0.21
Meshes/Wolverine Barracks_B Main 2|MeshPart|2.76,1.28,4.41|0,-0.52,0.49|-0,0,0|m=rbxassetid://130496873136540|c=0.35,0.35,0.35
Meshes/Wolverine Barracks_B Orange|MeshPart|2.09,0.13,4.34|0,-1.09,0.53|-0,0,0|m=rbxassetid://115397896259739|c=0.69,0.42,0.21
Meshes/Wolverine Barracks_B Main 3|MeshPart|5.72,2.78,5.17|0,0.23,0.87|-0,0,0|m=rbxassetid://116950634009560|c=0.29,0.29,0.29

[Missile Foundry]
ROOT|843.75,1.08,158.81
Meshes/missile1_Rocket4.007|MeshPart|0.96,0.30,0.30|0,0,0|-0,0,0|m=rbxassetid://137286463742879|c=0.55,0.52,0.43
Meshes/missile1_Cube.181|MeshPart|0.34,0.22,0.12|0.55,0.60,0|-0,0,0|m=rbxassetid://106816035873983|c=0.11,0.16,0.21
main|MeshPart|1.28,1.47,0.35|0.54,0.61,0|-0,0,0|m=rbxassetid://130722067304338|c=0.18,0.20,0.13
Meshes/missile1_Cube.187|MeshPart|1.02,0.21,4.11|0.54,0.88,0|-0,0,0|m=rbxassetid://99970445302015|c=0.29,0.29,0.29
Meshes/missile1_Rocket4.009|MeshPart|2.50,0.26,0.26|0.69,-0,0|-0,0,0|m=rbxassetid://97681352203387|c=0.29,0.29,0.29
Meshes/missile1_Rocket4.008|MeshPart|0.05,0.21,0.21|1.65,-0,0|-0,0,0|m=rbxassetid://113423625523757|c=0.79,0.80,0.82
Meshes/missile1_Cube.189|MeshPart|9.66,2.18,6.38|-3.23,0.01,0|-0,0,0|m=rbxassetid://86885253861026|c=0.29,0.29,0.29
Meshes/missile1_Rocket4.005|MeshPart|5.34,0.26,3.66|-4.38,-0.64,0|-0,0,0|m=rbxassetid://110804821908211|c=0.29,0.29,0.29
Meshes/missile1_Cube.203|MeshPart|2.95,2.24,5.82|-4.87,0.30,0|-0,0,0|m=rbxassetid://130779797808032|c=0.79,0.80,0.82
Meshes/missile1_Cube.190|MeshPart|8.79,0.20,5.26|-2.96,-0.93,0|-0,0,0|m=rbxassetid://111235992500058|c=0.49,0.49,0.49
Meshes/missile1_Cube.196|MeshPart|0,0.02,0.59|-1.87,-0.32,0|-0,0,0|m=rbxassetid://109579393593165|c=0.59,0.33,0.33
Meshes/missile1_Rocket4.002|MeshPart|4.70,0.23,3.97|-4.43,-0.73,0|-0,0,0|m=rbxassetid://115667052944142|c=0.18,0.20,0.13
Meshes/missile1_Cube.192|MeshPart|6.20,2.85,6.28|-4.67,0.45,0|-0,0,0|m=rbxassetid://88165732806614|c=0.18,0.20,0.13
Meshes/missile1_Cube.199|MeshPart|9.39,2.84,6.11|-3.23,0.39,0|-0,0,0|m=rbxassetid://92169719775783|c=0.18,0.18,0.18
Meshes/missile1_Cube.194|MeshPart|0.90,0.09,0.55|-0.05,-0.49,0|-0,0,0|m=rbxassetid://126478026651201|c=0.11,0.16,0.21
Meshes/missile1_Cube.195|MeshPart|2.22,0.27,0.73|-0.76,-0.42,0|-0,0,0|m=rbxassetid://107818505294560|c=0.29,0.29,0.29
Meshes/missile1_Cube.193|MeshPart|8.58,0.14,5.16|-2.87,-0.78,0|-0,0,0|m=rbxassetid://138217008184971|c=0.64,0.29,0.29
Meshes/missile1_Main2.013|MeshPart|2.51,0.48,0.62|-0.69,-0.55,0|-0,0,0|m=rbxassetid://110454162839805|c=0.35,0.35,0.35
Meshes/missile1_Rocket4.006|MeshPart|3.81,0.30,3.70|-5.07,-0.64,0|-0,0,0|m=rbxassetid://110873765063938|c=0.55,0.52,0.43
Meshes/missile1_Cube.205|MeshPart|9.53,0,6.25|-3.23,-1.03,0|-0,0,0|m=rbxassetid://78500357871978|c=0.31,0.31,0.31
Meshes/missile1_Cube.140|MeshPart|8.92,0.24,4.43|-3.18,0.87,0.03|-0,0,0|m=rbxassetid://80046675755835|c=0.18,0.20,0.13
Meshes/missile1_Cylinder.022|MeshPart|2.18,0.21,0.70|-0.74,-0.73,0|-0,0,0|m=rbxassetid://88330056895478|c=0.11,0.16,0.21
Meshes/missile1_Cube.201|MeshPart|5.19,0.34,3.51|-5.11,1.70,0|-0,0,0|m=rbxassetid://78185072078060|c=0.31,0.31,0.31
Meshes/missile1_Cube.198|MeshPart|0,0.03,0.62|0.34,-0.50,0|-0,0,0|m=rbxassetid://115337252134550|c=0.79,0.80,0.82
Meshes/missile1_Rocket4.004|MeshPart|2.90,0.21,3.61|-3.42,-0.64,0|-0,0,0|m=rbxassetid://139973203646808|c=0.79,0.80,0.82
Meshes/missile1_Cube.188|MeshPart|7.05,2.56,6.14|-4.18,0.25,0|-0,0,0|m=rbxassetid://83594457705503|c=0.31,0.31,0.31
Meshes/missile1_Main1.013|MeshPart|2.24,0.31,0.72|-0.74,-0.44,0|-0,0,0|m=rbxassetid://122807922152630|c=0.55,0.52,0.43
Meshes/missile1_Cube.202|MeshPart|6.88,2.30,5.87|-4.15,0.28,0|-0,0,0|m=rbxassetid://115186081949984|c=0.31,0.31,0.31
Meshes/missile1_Cube.204|MeshPart|0.19,0.11,1.69|1.53,-1.01,0|-0,0,0|m=rbxassetid://140139463631192|c=0.49,0.49,0.49
Meshes/missile1_Cube.200|MeshPart|8.80,0.34,5.23|-2.78,-0.85,0|-0,0,0|m=rbxassetid://128119684933001|c=0.85,0.65,0.02
Meshes/missile1_Cube.197|MeshPart|0.23,0.18,0.68|-0.19,-0.50,0|-0,0,0|m=rbxassetid://120565991584553|c=0.79,0.80,0.82
Meshes/missile1_Main3.012|MeshPart|2.69,0.69,0.73|-0.80,-0.43,0|-0,0,0|m=rbxassetid://125238038284332|c=0.29,0.29,0.29
Meshes/missile1_Cylinder.021|MeshPart|2.07,0.12,0.70|-0.74,-0.72,0|-0,0,0|m=rbxassetid://89507926214211|c=0.29,0.29,0.29
bounds|Part|6.40,3.60,10|-3.06,0.72,0|-0,-90,0|a=1|c=1,0,0

[Titanic Shipyard]
ROOT|919.65,33.35,463.55
bounds|Part|19,11.60,31|0,0,0|-0,0,0|a=1|c=1,0,0
Meshes/Yamato Barracks (1)_Black|MeshPart|14.41,7.43,23|1.56,-8.63,2.95|-0,180,0|m=rbxassetid://89514324038792|c=0.11,0.16,0.21
Meshes/Yamato Barracks (1)_Grey|MeshPart|15.69,11.66,29.84|2.08,-6.54,0|-0,180,0|m=rbxassetid://110421035765255|c=0.25,0.27,0.31
Meshes/Yamato Barracks (1)_Crane5|MeshPart|2.07,0.82,0.70|3.28,-9.57,-0.22|-0,180,0|m=rbxassetid://126378247815972|c=0.21,0.23,0.25
Meshes/Yamato Barracks (1)_Crane4|MeshPart|5.63,3.73,0.67|-7.11,-6.59,-5.74|-0,180,0|m=rbxassetid://79311694483640|c=0.21,0.23,0.25
Meshes/Yamato Barracks (1)_Crane1 Black|MeshPart|2.27,1.24,0.32|-2.48,-10.41,-4.25|-0,180,0|m=rbxassetid://73976861263904|c=0.11,0.16,0.21
Meshes/Yamato Barracks (1)_Crane2Grey|MeshPart|2.11,1.41,0.47|2.87,-9.96,-4.25|-0,180,0|m=rbxassetid://115558850067065|c=0.31,0.30,0.27
Meshes/Yamato Barracks (1)_Base|MeshPart|15.69,10.43,29.84|2.08,-17.58,0|-0,180,0|m=rbxassetid://96861934670488|c=0.24,0.24,0.24
Meshes/Yamato Barracks (1)_Crane2 Black|MeshPart|2.27,1.24,0.32|2.57,-9.68,-4.25|-0,180,0|m=rbxassetid://80057376448595|c=0.11,0.16,0.21
Meshes/Yamato Barracks (1)_Grey2|MeshPart|3.70,2.82,13.79|7.04,-9.92,-1.78|-0,180,0|m=rbxassetid://131434439958028|c=0.29,0.31,0.34
Meshes/Yamato Barracks (1)_Dark Grey|MeshPart|15.44,8.50,29.37|2.03,-7.14,-0.15|-0,180,0|m=rbxassetid://131767646265850|c=0.29,0.29,0.29
Meshes/Yamato Barracks (1)_Crane3|MeshPart|5.63,3.73,0.67|-7.11,-6.59,-0.43|-0,180,0|m=rbxassetid://131253229592801|c=0.21,0.23,0.25
Meshes/Yamato Barracks (1)_Crane1 Grey|MeshPart|2.11,1.41,0.47|-2.78,-10.68,-4.25|-0,180,0|m=rbxassetid://91716363591753|c=0.31,0.30,0.27

[Aircraft Supply Depot]
ROOT|901.21,1.80,421.97
bounds|Part|5,3.60,5|0,0,0|-0,0,0|a=1|c=1,0,0
Meshes/Air Supply Depot_Pipes|MeshPart|2.29,2.96,0.53|-0,-0.06,1.07|-0,90,0|m=rbxassetid://118688125161846|c=0.59,0.33,0.33
Meshes/Air Supply Depot_Light Grey|MeshPart|3.86,2.71,3.86|0,-0.17,0|-0,90,0|m=rbxassetid://108258425305262|c=0.49,0.49,0.49
Meshes/Air Supply Depot_Logo|MeshPart|0.55,0.57,0.15|-1.80,0.22,0.49|-0,90,0|m=rbxassetid://101027014599650|c=0.79,0.80,0.82
Meshes/Air Supply Depot_Dark Grey|MeshPart|4.92,3.14,4.92|0,-0.23,0|-0,90,0|m=rbxassetid://100579161808583|c=0.31,0.31,0.31

[Naval Supply Depot]
ROOT|933.60,9.75,435.80
bounds|Part|6,3.60,6|0,0,0|-0,0,0|a=1|c=1,0,0
Meshes/Naval Supply Depot (1)_Grey|MeshPart|3.96,3.74,3.96|0,-7.81,0|-0,-90,0|m=rbxassetid://72281565654050|c=0.24,0.24,0.24
Meshes/Naval Supply Depot (1)_Red|MeshPart|5.53,1.70,5.53|0,-7.81,0|-0,-90,0|m=rbxassetid://98660180200270|c=0.49,0.49,0.49
Meshes/Naval Supply Depot (1)_Dark Grey|MeshPart|5.56,3.88,5.56|0,-7.81,0|-0,-90,0|m=rbxassetid://125467278296163|c=0.24,0.24,0.24
Meshes/Naval Supply Depot (1)_Neon|MeshPart|5.54,3.65,5.54|0,-7.81,0|-0,-90,0|m=rbxassetid://137065155571507|c=0.95,0.89,0.68

[Offshore Research Platform]
ROOT|993.35,27.42,454.58
bounds|Part|7.50,4.50,7.50|0,0,0|-0,0,0|a=1|c=1,0,0
Meshes/Offshore Research Platform_Grey|MeshPart|12.95,7.13,8.11|-0.03,-4.05,0|-0,-90,0|m=rbxassetid://89109653723952|c=0.35,0.35,0.35
Meshes/Offshore Research Platform_Dark Grey|MeshPart|8.71,5.24,7.91|0.13,-4.09,0|-0,-90,0|m=rbxassetid://111760668226534|c=0.24,0.24,0.24
Meshes/Offshore Research Platform_Yellow|MeshPart|0.59,0,0.59|-3.20,-2.07,0|-0,-90,0|m=rbxassetid://96507889171338|c=0.72,0.60,0.14
Meshes/Offshore Research Platform_Base|MeshPart|7.56,13.62,7.06|0.19,-14.42,0|-0,-90,0|m=rbxassetid://81767544233155|c=0.20,0.20,0.20
Meshes/Offshore Research Platform_White|MeshPart|2.31,2.55,5.44|-0.95,-0.79,0|-0,-90,0|m=rbxassetid://81839054044531|c=0.79,0.80,0.82
Meshes/Offshore Research Platform_Neon Red|MeshPart|8.32,6.07,7.72|0.03,-3.55,0|-0,-90,0|m=rbxassetid://126916033149073|c=0.75,0.41,0.38
Meshes/Offshore Research Platform_Black|MeshPart|8.40,3.95,8.01|-0.07,-3.33,0|-0,-90,0|m=rbxassetid://131806850168720|c=0.11,0.16,0.21

[Offshore Oil Rig]
ROOT|942.48,20.80,457.35
bounds|Part|7,3.60,7|0,0,0|-0,0,0|a=1|c=1,0,0
Meshes/Oil Rig_Truss Light Grey (Double Side)|MeshPart|5.88,3.37,5.88|1.08,-3.96,0|-0,-90,0|m=rbxassetid://88672559639585|c=0.59,0.59,0.59
Meshes/Oil Rig_Grey|MeshPart|3.66,7.01,5.25|1.07,-0.81,0.77|-0,-90,0|m=rbxassetid://135016727711788|c=0.39,0.39,0.39
Meshes/Oil Rig_White|MeshPart|5.34,6.51,6.43|1.82,-1.94,-0.06|-0,-90,0|m=rbxassetid://107613077937399|c=0.62,0.63,0.67
Meshes/Oil Rig_Yellow|MeshPart|5.28,5.83,5.28|1.08,-4.09,0|-0,-90,0|m=rbxassetid://101158807218887|c=0.74,0.53,0.02
Meshes/Oil Rig_Red|MeshPart|5.06,1.14,5.11|1.08,-4.61,-0.03|-0,-90,0|m=rbxassetid://105272154116625|c=0.75,0.41,0.38
Meshes/Oil Rig_Rig Light Grey|MeshPart|0.64,2.94,0.95|-1.03,-1.66,2.08|-0,-90,0|m=rbxassetid://97624478533989|c=0.49,0.49,0.49
Meshes/Oil Rig_Truss Red (Double Side)|MeshPart|0.80,5.20,0.80|1.08,-1.35,0|-0,-90,0|m=rbxassetid://78492210672795|c=0.64,0.29,0.29
Meshes/Oil Rig_Cylinder.018|MeshPart|5.11,14.03,5.11|1.08,-13.78,0|-0,-90,0|m=rbxassetid://129261270914360|c=0.49,0.27,0.27
Meshes/Oil Rig_Truss White (Double Side)|MeshPart|0.80,5.20,0.80|1.08,-1.75,0|-0,-90,0|m=rbxassetid://97291919690789|c=0.79,0.80,0.82
Meshes/Oil Rig_Light Grey|MeshPart|5.97,3.78,7.42|1.80,-3.84,0|-0,-90,0|m=rbxassetid://115541332835715|c=0.49,0.49,0.49
Meshes/Oil Rig_Dark Grey|MeshPart|5.91,2.80,7.32|1.78,-4.29,0|-0,-90,0|m=rbxassetid://110155874954961|c=0.11,0.16,0.21
Meshes/Oil Rig_Green|MeshPart|0.31,0.31,0.69|1.08,-5.03,-2.40|-0,-90,0|m=rbxassetid://99801619689349|c=0.40,0.51,0.35
Meshes/Oil Rig_Rig Dark Grey|MeshPart|0.34,0.54,5.30|-2.86,-2.80,2.08|-0,-90,0|m=rbxassetid://123267730411991|c=0.39,0.39,0.39
Meshes/Oil Rig_Blue|MeshPart|2.29,1.14,5.11|1.08,-4.61,0|-0,-90,0|m=rbxassetid://108890415102924|c=0.43,0.60,0.79
Meshes/Oil Rig_Window|MeshPart|3.54,0.77,5.12|1.07,-3.89,0.77|-0,-90,0|m=rbxassetid://140554598757573|c=0.43,0.60,0.79
Meshes/Oil Rig_Rig Yellow|MeshPart|0.42,0.31,1.01|-0.81,-2.93,2.08|-0,-90,0|m=rbxassetid://81582535549165|c=0.74,0.53,0.02

[Patrol Office]
ROOT|899.76,43.23,477.01
Meshes/Patrol Boat Barracks_Black|MeshPart|6.75,1.61,7.19|0,0,0|-0,0,0|m=rbxassetid://109267752047727|c=0.11,0.16,0.21
Meshes/Patrol Boat Barracks_Grey|MeshPart|6.80,2.67,7.20|0.15,0.34,-0.14|-0,0,0|m=rbxassetid://96131614642593|c=0.31,0.31,0.31
Meshes/Patrol Boat Barracks_Glass|MeshPart|2.58,1.15,3.67|-1.51,0.93,0.03|-0,0,0|m=rbxassetid://90378177741220|c=0.43,0.60,0.79
Meshes/Patrol Boat Barracks_Foundation|MeshPart|6.80,12.14,7.20|0.15,-7.06,-0.14|-0,0,0|m=rbxassetid://75208944756384|c=0.25,0.25,0.25
Meshes/Patrol Boat Barracks_White|MeshPart|1.53,0.66,0.81|-1.52,0.09,2.70|-0,0,0|m=rbxassetid://107233675440620
bounds|Part|7,3.60,7|0.10,6.67,-0.09|-0,-90,0|a=1|c=1,0,0
Meshes/Patrol Boat Barracks_Blue|MeshPart|1.22,0.66,1.61|0.71,0.09,2.11|-0,0,0|m=rbxassetid://101085402745640|c=0.43,0.60,0.79
Meshes/Patrol Boat Barracks_Yellow|MeshPart|6.63,0.67,7.03|0.15,0.09,-0.14|-0,0,0|m=rbxassetid://88830440988739|c=0.69,0.46,0
Meshes/Patrol Boat Barracks_Radar Grey (Double Side)|MeshPart|0.43,1.66,0.43|-1.58,2.51,0.91|-0,0,0|m=rbxassetid://113616816664854|c=0.62,0.63,0.67
Meshes/Patrol Boat Barracks_Red|MeshPart|1.04,0.66,1.59|0.73,0.09,-0.40|-0,0,0|m=rbxassetid://102885279661898|c=0.59,0.33,0.33
Meshes/Patrol Boat Barracks_Light Greyu|MeshPart|6.86,2.71,7.27|0.14,0.56,-0.13|-0,0,0|m=rbxassetid://76489403537683|c=0.49,0.49,0.49

[Naval Shipyard]
ROOT|842.68,17.80,405.34
bounds|Part|15,3.60,19|0,0,0|-0,0,0|a=1|c=1,0,0
Meshes/IOWAshipyard_Cube.235|MeshPart|11.96,1.32,10.12|0.81,-5.86,-1.31|-0,90,0|m=rbxassetid://80384447826262|c=0.79,0.80,0.82
Meshes/IOWAshipyard_Cube.224|MeshPart|16.17,1.17,6.49|3.58,-6.45,0.74|-0,90,0|m=rbxassetid://106084174738160|c=0.53,0.43,0.16
Meshes/IOWAshipyard_Cube.208|MeshPart|19.20,3.68,14.09|-0.17,-12.81,-0.78|-0,90,0|m=rbxassetid://102292492052652|c=0.58,0.54,0.53
Meshes/IOWAshipyard_Cube.208|MeshPart|19.20,3.68,14.09|-0.17,-11.01,-0.78|-0,90,0|m=rbxassetid://102292492052652|c=0.58,0.54,0.53
Meshes/IOWAshipyard_Cube.208|MeshPart|19.20,3.68,14.09|-0.17,-9.41,-0.78|-0,90,0|m=rbxassetid://102292492052652|c=0.58,0.54,0.53
Meshes/IOWAshipyard_Cube.207|MeshPart|19.99,4.76,15.39|-0.20,-7.22,-0.49|-0,90,0|m=rbxassetid://84209400653436|c=0.31,0.31,0.31
Meshes/IOWAshipyard_Cube.208|MeshPart|19.20,3.68,14.09|-0.17,-14.41,-0.78|-0,90,0|m=rbxassetid://102292492052652|c=0.58,0.54,0.53
Meshes/IOWAshipyard_Cube.220|MeshPart|7.26,1.81,4.49|4.08,-6.14,1|-0,90,0|m=rbxassetid://97174681277180|c=0.45,0.26,0.26
Meshes/IOWAshipyard_Cube.241|MeshPart|1.86,0.13,0.58|1.98,-5.81,3.72|-0,90,0|m=rbxassetid://113157350948307|c=0.53,0.43,0.16
Meshes/IOWAshipyard_Cube.228|MeshPart|1.69,0.07,0.66|-5.01,-5.91,-2.21|-0,90,0|m=rbxassetid://136355082978604|c=0.11,0.16,0.21
Meshes/IOWAshipyard_Cube.229|MeshPart|0.57,1.75,3.04|-4.04,-4.34,-2.21|-0,90,0|m=rbxassetid://105941323963592|c=0.41,0.40,0.36
Meshes/IOWAshipyard_Cube.208|MeshPart|19.20,3.68,14.09|-0.17,-7.76,-0.78|-0,90,0|m=rbxassetid://102292492052652|c=0.58,0.54,0.53
Meshes/IOWAshipyard_Cylinder.025|MeshPart|1.54,0.63,2.18|-4.57,-5.60,7.93|-0,90,0|m=rbxassetid://137826855925981|c=0.42,0.22,0.20
Meshes/IOWAshipyard_Cube.225|MeshPart|0.46,0.14,0.37|-5.06,-4.74,-2.21|-0,90,0|m=rbxassetid://77034096365504|c=0.11,0.16,0.21
Meshes/IOWAshipyard_Cube.234|MeshPart|0.12,1.78,2.87|0.39,-4.02,3.72|-0,90,0|m=rbxassetid://93564951075532|c=0.11,0.16,0.21
Meshes/IOWAshipyard_Cube.219|MeshPart|6.74,1.04,3.12|5.01,-5.38,1.26|-0,90,0|m=rbxassetid://74963936142316|c=0.70,0.64,0.47
Meshes/IOWAshipyard_Plane.024|MeshPart|18.63,0.31,13.46|-0.31,-5.76,-0.80|-0,90,0|m=rbxassetid://71233500929634|c=0.31,0.31,0.31
Meshes/IOWAshipyard_Cube.222|MeshPart|6.77,0.72,2.83|4.92,-5.54,1.26|-0,90,0|m=rbxassetid://72067696372332|c=0.36,0.36,0.41
Meshes/IOWAshipyard_Cube.237|MeshPart|1.03,0.87,0.79|-5.01,-5.46,-2.21|-0,90,0|m=rbxassetid://134874986603387|c=0.41,0.40,0.36
Meshes/IOWAshipyard_Cube.233|MeshPart|0.12,1.78,2.87|-3.41,-4.09,-2.21|-0,90,0|m=rbxassetid://126059287097011|c=0.11,0.16,0.21
Meshes/IOWAshipyard_Plane.023|MeshPart|18.75,0.15,13.58|-0.31,-5.82,-0.80|-0,90,0|m=rbxassetid://82560776373298|c=0.24,0.24,0.24
Meshes/IOWAshipyard_Cube.240|MeshPart|0.46,0.14,0.37|2.04,-4.67,3.72|-0,90,0|m=rbxassetid://136967098871542|c=0.11,0.16,0.21
Meshes/IOWAshipyard_Cube.248|MeshPart|19.50,2.43,14.39|-0.20,-6.06,-0.75|-0,90,0|m=rbxassetid://108231763324058|c=0.39,0.39,0.39
Meshes/IOWAshipyard_Cylinder.024|MeshPart|1.33,0.52,2.18|-4.57,-5.54,7.93|-0,90,0|m=rbxassetid://74374669073527|c=0.79,0.80,0.82
Meshes/IOWAshipyard_Cube.242|MeshPart|1.86,0.13,0.58|-5.01,-5.88,-2.21|-0,90,0|m=rbxassetid://78293842223821|c=0.53,0.43,0.16
Meshes/IOWAshipyard_Cube.230|MeshPart|1.75,0.13,0.67|-5.01,-5.91,-2.21|-0,90,0|m=rbxassetid://103720610248081|c=0.11,0.16,0.21
Meshes/IOWAshipyard_Cube.243|MeshPart|1.75,0.13,0.67|1.98,-5.84,3.72|-0,90,0|m=rbxassetid://103209972372756|c=0.11,0.16,0.21
Meshes/IOWAshipyard_Cube.210|MeshPart|8.10,0.07,0.93|1.99,-5.86,2.19|-0,90,0|m=rbxassetid://72552280607157|c=0.49,0.49,0.49
Meshes/IOWAshipyard_Cube.236|MeshPart|1.03,0.87,0.79|1.98,-5.39,3.72|-0,90,0|m=rbxassetid://130538227437323|c=0.41,0.40,0.36
Meshes/IOWAshipyard_Cube.239|MeshPart|5.58,0.07,0|3.92,-4.97,1.26|-0,90,0|m=rbxassetid://92038757870360|c=0.11,0.16,0.21
Meshes/IOWAshipyard_Cube.223|MeshPart|19.20,1.15,14.04|-0.20,-6.48,-0.78|-0,90,0|m=rbxassetid://132801398279456|c=0.31,0.31,0.31
Meshes/IOWAshipyard_Cube.244|MeshPart|1.69,0.07,0.66|1.98,-5.84,3.72|-0,90,0|m=rbxassetid://130444536653492|c=0.11,0.16,0.21
Meshes/IOWAshipyard_Cube.226|MeshPart|15.93,0,7.94|-1.46,-5.90,-1.65|-0,90,0|m=rbxassetid://112436857346452|t=rbxassetid://110139411922792|c=0.53,0.43,0.16
Meshes/IOWAshipyard_Cube.238|MeshPart|0.57,1.75,3.04|1.02,-4.27,3.72|-0,90,0|m=rbxassetid://80268045809351|c=0.41,0.40,0.36
Meshes/IOWAshipyard_Plane.025|MeshPart|3.01,1.54,6.19|-1.91,-6.28,-8.87|-0,90,0|m=rbxassetid://119063038562510|c=0.29,0.29,0.29

[Ocean Terminal]
ROOT|899.67,28.35,476.91
bounds|Part|13,3.60,19|0,0,0|-0,0,0|a=1|c=1,0,0
Meshes/Frigate Barracks (1)_Crane1 Black2|MeshPart|0.62,0.12,1.62|2.82,-5.91,0.67|-0,0,0|m=rbxassetid://87624970793043|c=0.11,0.16,0.21
Meshes/Frigate Barracks (1)_White|MeshPart|10.27,0.48,7.35|-0.83,-5.67,-0.24|-0,0,0|m=rbxassetid://115138629855698|c=0.62,0.63,0.67
Meshes/Frigate Barracks (1)_Blue|MeshPart|0.88,0.46,1.11|4.18,-5.68,2.47|-0,0,0|m=rbxassetid://126678971579336|c=0.43,0.60,0.79
Meshes/Frigate Barracks (1)_Crane2 Grey2|MeshPart|0.73,0.86,1.72|-3.92,-5.51,-2.04|-0,0,0|m=rbxassetid://129025512119776|c=0.36,0.35,0.32
Meshes/Frigate Barracks (1)_Light Grey|MeshPart|14.08,5.86,17.79|0.02,-3.98,0.08|-0,0,0|m=rbxassetid://100116303379407|c=0.49,0.49,0.49
Meshes/Frigate Barracks (1)_Dark Grey|MeshPart|14.58,5.20,18.51|0,-5.20,0|-0,0,0|m=rbxassetid://87010969537470|c=0.29,0.29,0.29
Meshes/Frigate Barracks (1)_Crane2 Grey1|MeshPart|2.82,1.63,0.53|-3.02,-4.44,-2.04|-0,0,0|m=rbxassetid://81711723389733|c=0.41,0.40,0.36
Meshes/Frigate Barracks (1)_Crane1 Grey2|MeshPart|0.73,0.86,1.72|2.82,-5.51,0.67|-0,0,0|m=rbxassetid://99524368003048|c=0.38,0.37,0.33
Meshes/Frigate Barracks (1)_Crane1 Grey1|MeshPart|2.82,1.63,0.53|1.93,-4.44,0.67|-0,0,0|m=rbxassetid://109117883968085|c=0.41,0.40,0.36
Meshes/Frigate Barracks (1)_Grey|MeshPart|13.43,3.63,16.38|0.04,-4.26,0.45|-0,0,0|m=rbxassetid://135178885292008|c=0.39,0.39,0.39
Meshes/Frigate Barracks (1)_Glass|MeshPart|8.17,2.33,2.35|-0.81,-3.79,6.61|-0,0,0|m=rbxassetid://127856626064787|c=0.43,0.60,0.79
Meshes/Frigate Barracks (1)_Crane2 Black1|MeshPart|3.04,1.66,0.42|-2.62,-4.21,-2.04|-0,0,0|m=rbxassetid://109865408247455|c=0.11,0.16,0.21
Meshes/Frigate Barracks (1)_Crane2 Black2|MeshPart|0.62,0.12,1.62|-3.92,-5.91,-2.04|-0,0,0|m=rbxassetid://139704548146005|c=0.11,0.16,0.21
Meshes/Frigate Barracks (1)_Yellow|MeshPart|13.10,0,16.05|0.04,-5.94,0.45|-0,0,0|m=rbxassetid://135637155226727|c=0.69,0.46,0
Meshes/Frigate Barracks (1)_Crane1 Black1|MeshPart|3.04,1.66,0.42|1.53,-4.21,0.67|-0,0,0|m=rbxassetid://125315642753413|c=0.11,0.16,0.21
Meshes/Frigate Barracks (1)_Red|MeshPart|10.71,0.46,2.08|-0.69,-5.68,1.38|-0,0,0|m=rbxassetid://100620188032343|c=0.59,0.33,0.33
Meshes/Frigate Barracks (1)_Dark Grey.001|MeshPart|14.58,10,18.51|0,-12.80,0|-0,0,0|m=rbxassetid://80768417580195|c=0.31,0.31,0.31

[Fleet Command]
ROOT|838.04,10.98,220.26
bounds|Part|15.35,6.95,20.55|0,0,0|-0,0,0|a=1|c=1,0,0
Meshes/CVN 80 Barracks_Green|MeshPart|11.04,0.47,5.43|-0.10,-6.98,-0.16|-0,0,0|m=rbxassetid://77968202622297|c=0.49,0.61,0.42
Meshes/CVN 80 Barracks_Dark Grey|MeshPart|16.42,5.92,20.58|0,-5.57,0.35|-0,0,0|m=rbxassetid://78698504156718|c=0.29,0.29,0.29
Meshes/CVN 80 Barracks_Glass|MeshPart|14.29,3.69,19.75|0,-6.48,0.23|-0,0,0|m=rbxassetid://99625703828063|c=0.11,0.16,0.21
Meshes/CVN 80 Barracks_Red|MeshPart|10.57,0.47,5.51|0.18,-6.98,-2.47|-0,0,0|m=rbxassetid://93606341685121|c=0.59,0.33,0.33
Meshes/CVN 80 Barracks_Orange|MeshPart|13.90,3.34,19.72|0,-6.47,-0.04|-0,0,0|m=rbxassetid://104191035108791|c=0.67,0.37,0.23
Meshes/CVN 80 Barracks_Main|MeshPart|16.64,5.49,21.94|0,-6.34,-0.06|-0,0,0|m=rbxassetid://85216716446103|c=0.33,0.34,0.39
Meshes/CVN 80 Barracks_Yellow|MeshPart|16.21,1.79,19.72|0,-7.64,0.03|-0,0,0|m=rbxassetid://93691070482271|c=0.96,0.80,0.19
Meshes/CVN 80 Barracks_Grey|MeshPart|13.67,4.51,17.99|0,-5.63,0.82|-0,0,0|m=rbxassetid://85796192422847|c=0.35,0.35,0.35
Meshes/CVN 80 Barracks_Base|MeshPart|16.87,7.89,22.07|0,-13.03,0|-0,0,0|m=rbxassetid://137552818295962|c=0.33,0.34,0.39
Meshes/CVN 80 Barracks_Black|MeshPart|8.55,2.19,4.55|-0.01,-4.91,-1.48|-0,0,0|m=rbxassetid://109870443912494|c=0.11,0.16,0.21
Meshes/CVN 80 Barracks_White|MeshPart|10.50,2.38,4.75|-0.56,-5.14,5.78|-0,0,0|m=rbxassetid://98766352060954|c=0.79,0.80,0.82

[Naval Beacon]
ROOT|831.86,10.93,230.95
bounds|Part|6,8.75,6|0,0,0|-0,0,0|a=1|c=1,0,0
Meshes/Space Buoy_Yellow|MeshPart|5.35,0,5.35|-0,-9.68,0|-0,-90,0|m=rbxassetid://76813007574373|c=0.70,0.53,0.16
Meshes/Space Buoy_Grey|MeshPart|6.03,10.07,6.03|-0,-6.44,0|-0,-90,0|m=rbxassetid://70794068178077|c=0.29,0.29,0.29
Meshes/Space Buoy_Dark Grey|MeshPart|5.47,8.82,5.47|-0,-6.33,0|-0,-90,0|m=rbxassetid://88433239496136|c=0.24,0.24,0.24
Meshes/Space Buoy_Light Grey|MeshPart|2.63,2.74,2.63|-0,-3.35,0|-0,-90,0|m=rbxassetid://139887444549876|c=0.62,0.63,0.67
Meshes/Space Buoy_Black|MeshPart|5.82,4.94,5.82|-0,-7.21,0|-0,-90,0|m=rbxassetid://82294336520256|c=0.16,0.16,0.16
Meshes/Space Buoy_Neon|MeshPart|4.78,8.17,4.78|-0,-6.95,0|-0,-90,0|m=rbxassetid://117695512633494|c=0.62,0.63,0.67

[Gas Storage Tank]
ROOT|793.17,2.72,268.03
bounds|Part|5,5.45,5|0,0,0|-0,0,0|a=1|c=1,0,0
Meshes/Gas Container_Red|MeshPart|4.11,2.57,4.11|0,-0.26,-0.17|-0,-90,0|m=rbxassetid://78918029214693|c=0.64,0.20,0.21
Meshes/Gas Container_Grey|MeshPart|5.25,4.96,4.85|0,-0.24,0.03|-0,-90,0|m=rbxassetid://116732521538541|c=0.24,0.24,0.24
Meshes/Gas Container_White|MeshPart|5.16,4.61,4.96|0,-0.42,-0.07|-0,-90,0|m=rbxassetid://133821221101527

[Joint Strike Facility]
ROOT|814.43,1.80,247.31
bounds|Part|7.80,3.60,7.80|0,0,0|-0,0,0|a=1|c=1,0,0
Meshes/F35 Bay_White|MeshPart|2.70,1.45,1.84|0,1.29,0.93|-0,0,0|m=rbxassetid://124621961923962|c=0.79,0.80,0.82
Meshes/F35 Bay_Dark Grey|MeshPart|7.81,3.73,7.81|0,0.07,0.03|-0,0,0|m=rbxassetid://77088430154011|c=0.25,0.25,0.25
Meshes/F35 Bay_Green2|MeshPart|5.72,2.39,4.88|0,-0.60,0.03|-0,0,0|m=rbxassetid://85893079512429|c=0.33,0.34,0.30
Meshes/F35 Bay_Grey|MeshPart|7.18,3.72,7.56|0,0.06,-0.16|-0,0,0|m=rbxassetid://90255630419199|c=0.49,0.49,0.49
Meshes/F35 Bay_Green|MeshPart|5.82,2.42,5.42|0,-0.59,0.17|-0,0,0|m=rbxassetid://135812286542198|c=0.45,0.46,0.40
Meshes/F35 Bay_Glass|MeshPart|5.26,2.92,5.02|0,0.37,0.07|-0,0,0|m=rbxassetid://80448321768759|c=0.43,0.60,0.79
Meshes/F35 Bay_Black|MeshPart|6.32,2.84,6.32|0,-0.38,0.03|-0,0,0|m=rbxassetid://78001988346298|c=0.11,0.16,0.21
Meshes/F35 Bay_Yellow|MeshPart|5.70,2.70,5.70|0,-0.36,0.03|-0,0,0|m=rbxassetid://115331369415221|c=0.70,0.53,0.16
Meshes/F35 Bay_Neon|MeshPart|4.47,2.34,5.73|0.13,-0.38,-0.66|-0,0,0|m=rbxassetid://97853145052192

[Cargo Dockyard]
ROOT|931.40,9.15,178.52
bounds|Part|3.80,1.50,3.80|0,0,0|-0,0,0|a=1|c=1,0,0
Meshes/Container Spawner_Yellow|MeshPart|3.77,1.49,3.77|0,-5.09,-0.03|-0,180,0|m=rbxassetid://82886710389903|c=0.82,0.55,0.23
Meshes/Container Spawner_Crate Red|MeshPart|0.75,0.53,2.05|-0.48,-5.57,0.34|-0,180,0|m=rbxassetid://79425161771584|c=0.85,0.53,0.48
Meshes/Container Spawner_Red|MeshPart|1.45,2.62,1.45|0.62,-4.51,-0.74|-0,180,0|m=rbxassetid://73964779941024|c=0.64,0.29,0.29
Meshes/Container Spawner_Orange|MeshPart|4.99,1.59,4.67|0.01,-5.05,0.48|-0,180,0|m=rbxassetid://131869121866068|c=0.58,0.33,0.16
Meshes/Container Spawner_Neon Red|MeshPart|1.59,0.42,0.32|-1.57,-4.66,-1.35|-0,180,0|m=rbxassetid://134213871872149|c=0.64,0.29,0.29
Meshes/Container Spawner_Black|MeshPart|1.64,0.92,0.27|-1.68,-4.87,-1.35|-0,180,0|m=rbxassetid://84746294889242|c=0.11,0.16,0.21
Meshes/Container Spawner_Crate Green|MeshPart|0.75,0.53,2.05|-0.48,-5.57,0.34|-0,180,0|m=rbxassetid://130818731546216|c=0.49,0.61,0.42
Meshes/Container Spawner_Glass|MeshPart|0.87,0.32,0.87|1.03,-5.56,0.65|-0,180,0|m=rbxassetid://75195625786030|c=0.43,0.60,0.79
Meshes/Container Spawner_White|MeshPart|2.18,2.67,2.19|0.23,-4.50,-0.46|-0,180,0|m=rbxassetid://119659136718024|c=0.69,0.69,0.69
Meshes/Container Spawner_Dark Grey|MeshPart|3.68,1.35,3.68|0,-5.31,-0.03|-0,180,0|m=rbxassetid://89859598426295|c=0.29,0.29,0.29
Meshes/Container Spawner_Crate Blue|MeshPart|0.75,0.26,1.32|-0.48,-5.44,-0.02|-0,180,0|m=rbxassetid://116046116545136|c=0.32,0.49,0.68
Meshes/Container Spawner_Base2|MeshPart|3.62,3.16,3.62|0,-7.57,-0.03|-0,180,0|m=rbxassetid://88720128290175|c=0.41,0.40,0.34
Meshes/Container Spawner_Brown|MeshPart|0,0.15,0.09|0.62,-5.74,0.65|-0,180,0|m=rbxassetid://99657995923933|c=0.35,0.30,0.26
Meshes/Container Spawner_Grey|MeshPart|3.77,3.68,3.77|0,-4.36,-0.03|-0,180,0|m=rbxassetid://83519751846373|c=0.49,0.49,0.49
Meshes/Container Spawner_Base1|MeshPart|1.32,1.11,1.32|0,-6.54,-0.03|-0,180,0|m=rbxassetid://112340039823085|c=0.11,0.16,0.21

