[Helipad Outpost]
ROOT|936.04,1.50,-330.07
bounds|Part|6.50,3,4.50|0,0,0|-0,0,0|a=1|c=1,0,0
Dark Grey|MeshPart|6.53,3.05,4.33|0.04,0.06,-0.05|-0,0,0|m=rbxassetid://112492351665023|c=0.23,0.23,0.23
Yellow|MeshPart|6.69,1.68,5.34|-0,-0.62,-0.59|-0,0,0|m=rbxassetid://85722871899397|c=0.70,0.58,0.30
White|MeshPart|3.55,0.77,1.81|0.92,-1.07,-2|-0,0,0|m=rbxassetid://103523884753784|c=0.91,0.91,0.91
Window|MeshPart|4.10,0.88,2.44|1.23,-0.35,0.86|-0,0,0|m=rbxassetid://81614459115577|c=0.17,0.31,0.51
Grey|MeshPart|5.32,3.48,2.62|0.72,0.31,0.88|-0,0,0|m=rbxassetid://134425693300302|c=0.30,0.30,0.30
Base|MeshPart|6.84,2.99,5.62|0,-0,-0.55|-0,0,0|m=rbxassetid://119754658088174|c=0.26,0.35,0.25
Black|MeshPart|6.75,1.76,5.42|0,-0.58,-0.59|-0,0,0|m=rbxassetid://96256170449127|c=0.18,0.18,0.18

[Fabrication Facility]
ROOT|931.58,2,35.96
bounds|Part|4,4,4|0,0,0|-0,0,0|a=1|c=1,0,0
SpinningFan|MeshPart|0.68,0.06,0.69|0,1.15,0.50|-0,0,0|m=rbxassetid://123881480346326
Cube.409|MeshPart|4.21,3.24,4.10|0,-0.38,0|-0,0,0|m=rbxassetid://125166298896132
movingUPandDOWN|MeshPart|0.35,1.05,0.34|0,-0.07,0.50|-0,0,0|m=rbxassetid://120250291688393
movingsideways|MeshPart|0.98,0.41,0.56|0,0.20,0.50|-0,0,0|m=rbxassetid://131194845444701
Cube.417|MeshPart|4.04,2.08,1.98|0,-0.60,0.50|-0,0,0|m=rbxassetid://133444198952415
IdontKnowWhatToPutHere|MeshPart|0.29,0.29,0.29|0,-0.85,0.50|-0,0,0|m=rbxassetid://92489714287880

[Desert Armory]
ROOT|939.20,1.50,-344.14
bounds|Part|6.50,3,8.50|0,0,0|-0,0,0|a=1|c=1,0,0
Base|MeshPart|6.61,2.72,8.86|0,-0.14,0|-0,180,0|m=rbxassetid://74123395829102|c=0.46,0.44,0.35
Grey|MeshPart|4.85,2.78,7.59|0,-0.08,0.05|-0,180,0|m=rbxassetid://79288511483238|c=0.27,0.27,0.27
Black|MeshPart|6.13,2.31,8.39|0,-0.27,0|-0,180,0|m=rbxassetid://76981762389956|c=0.09,0.09,0.09
Base2|MeshPart|5.82,2.60,8.07|0,-0.14,0|-0,180,0|m=rbxassetid://85520631800084|c=0.56,0.54,0.43
Neon Orange|MeshPart|3.43,1.73,5.97|0,0.42,-0.51|-0,180,0|m=rbxassetid://130154654139416|c=0.75,0.53,0.20

[Unstable Testing Facility]
ROOT|946.63,1.25,-343.80
bounds|Part|3.50,2.50,4|0,0,0|-0,0,0|a=1|c=1,0,0
Dark Tan|MeshPart|1.95,0.94,2.36|0,-0.09,0.53|-0,0,0|m=rbxassetid://88308189471215|c=0.25,0.24,0.20
Base|MeshPart|3.72,0.93,4.31|0,-0.79,-0|-0,0,0|m=rbxassetid://112352431365607|c=0.27,0.30,0.27
Red|MeshPart|3.30,1.16,3.89|0,-0.62,-0|-0,0,0|m=rbxassetid://117777137513488|c=0.42,0.15,0.13
Neon Blue|MeshPart|1.81,1.28,2.98|0,-0.19,0.14|-0,0,0|m=rbxassetid://123489213734684|c=0.57,0.88,0.91
Tan|MeshPart|2.20,1.22,2.62|0,-0.59,0.18|-0,0,0|m=rbxassetid://110468895129720|c=0.44,0.41,0.36
Dark Grey|MeshPart|3.14,1.71,3.68|0,-0.34,0.03|-0,0,0|m=rbxassetid://102915060892214|c=0.24,0.24,0.24
Black|MeshPart|3.46,1.37,4.05|0,-0.52,-0|-0,0,0|m=rbxassetid://110059255378281|c=0.11,0.11,0.11

[Liberty Station]
ROOT|998.94,1.50,-370.56
bounds|Part|1,3,1|0,0,0|-0,0,0|a=1|c=1,0,0
Main.002|MeshPart|3.98,7.30,4.51|0,31.15,0|-0,0,0|m=rbxassetid://122835535180325
TraitColor|MeshPart|0.68,2.15,2.12|0,33.06,1|-0,0,0|m=rbxassetid://123920681922460|c=0.34,0.34,0.34

[Sentry Station]
ROOT|963.95,1.50,-370.12
bounds|Part|5,3,4|0,0,0|-0,0,0|a=1|c=1,0,0
Dark Grey|MeshPart|4.21,1.48,3.44|0,-0.69,0.28|-0,0,0|m=rbxassetid://86870647936281|c=0.22,0.22,0.22
Neon Blue|MeshPart|3.47,1.28,3.33|0,-0.73,0.09|-0,0,0|m=rbxassetid://136711642594520|c=0.65,0.98,0.98
Black|MeshPart|5.18,1.45,4.85|0,-0.73,0|-0,0,0|m=rbxassetid://71550518055077|c=0.13,0.13,0.13
Base|MeshPart|5.34,1.59,4.99|0,-0.71,0|-0,0,0|m=rbxassetid://76208659432768

[Phantom Installation]
ROOT|956.93,1.50,-370.58
bounds|Part|8,3,6|0,0,0|-0,0,0|a=1|c=1,0,0
Base|MeshPart|7.87,2.80,6.12|-0,-0.10,0|-0,0,0|m=rbxassetid://140543030217338|c=0.20,0.22,0.25
Dark Grey|MeshPart|6.79,3.05,4.56|-0,0.08,0.49|-0,0,0|m=rbxassetid://96386885055116|c=0.23,0.23,0.23
Black|MeshPart|7.66,2.46,5.90|-0,-0.22,0|-0,0,0|m=rbxassetid://108750339571197|c=0.15,0.15,0.15
Neon Blue|MeshPart|6.26,3.03,4.81|-0,0.10,0.02|-0,0,0|m=rbxassetid://100725444455127|c=0.45,0.69,0.76
Yellow|MeshPart|7.58,2.46,5.83|-0,-0.22,0|-0,0,0|m=rbxassetid://93087404113814

[Mitosis]
ROOT|948.50,3,-381.10
bounds|Part|6,6,6|0,0,0|-0,0,0|a=1|c=1,0,0
teamColor|MeshPart|5.14,5.15,5.14|0,-0.39,0|-0,-90,0|m=rbxassetid://112872723166351|c=0.06,0.34,0.65
Black|MeshPart|5.07,5.09,5.07|0,-0.39,0|-0,-90,0|m=rbxassetid://99099456519301|c=0.08,0.08,0.08
Dark Grey|MeshPart|6.33,6.33,6.33|0,-0.39,0|-0,-90,0|m=rbxassetid://82275541054298|c=0.29,0.29,0.29

[Alloy Foundry]
ROOT|973.20,1.50,-370.92
bounds|Part|4,3,6|0,0,0|-0,0,0|a=1|c=1,0,0
Color3|MeshPart|5.87,3.24,3.56|-0.01,0.12,0|-0,90,0|m=rbxassetid://100735832441796|c=0.29,0.29,0.29
Color2|MeshPart|6.17,2.87,3.91|0,-0.06,0|-0,90,0|m=rbxassetid://139839876910926|c=0.42,0.42,0.42
Black|MeshPart|5.92,3.11,3.66|0,0.11,0|-0,90,0|m=rbxassetid://78922121351630|c=0.11,0.11,0.11
Neon|MeshPart|2.50,2.01,3.28|0.03,0.07,-0.73|-0,90,0|m=rbxassetid://100974570512431|c=1,0.44,0.22
Color1|MeshPart|4.40,3.28,2.78|0.25,0.14,0.50|-0,90,0|m=rbxassetid://123910303163681|c=0.58,0.58,0.58

[Elevated Helipad]
ROOT|1018,1.50,-416
bounds|Part|3,3,3|0,0,0|-0,0,0|a=1|c=1,0,0
Main.004|MeshPart|3.42,0.93,3.42|0,-1.04,-0|-0,180,0|m=rbxassetid://113902989681131
TraitColor.007|MeshPart|2.82,0.80,2.82|0,-1.10,-0|-0,180,0|m=rbxassetid://71386663766256

[Oceanic Drill]
ROOT|1007.44,22.83,-412.58
RigGrey|MeshPart|0.50,1.20,0.50|0,0,0|-0,0,0|m=rbxassetid://131877160910700|c=0.27,0.27,0.27
RigBase|MeshPart|0.62,0.15,0.62|0,0.44,0|-0,0,0|m=rbxassetid://122386351649885|c=0.25,0.25,0.32
RigBlack|MeshPart|0.44,1.67,0.03|0,1.43,0|-0,0,0|m=rbxassetid://107786943610613|c=0.18,0.18,0.18
bounds|Part|3,3.95,4|0,8.06,0|-0,-90,0|a=1|c=1,0,0
Grey|MeshPart|3.73,2.61,2.55|0,2.69,0|-0,0,0|m=rbxassetid://121614432142945|c=0.27,0.27,0.27
Base|MeshPart|3.91,3.87,3.33|0,1.55,0|-0,0,0|m=rbxassetid://96684583097948|c=0.25,0.25,0.32
FoundationBase|MeshPart|3.61,10.32,3.33|0,-5.54,0|-0,0,0|m=rbxassetid://78908820243179|c=0.25,0.25,0.32
White|MeshPart|3.35,1.59,1.73|0,1.95,0|-0,0,0|m=rbxassetid://100389214140415|c=0.91,0.91,0.91
Light Grey|MeshPart|3.91,0.46,2.59|0,1.66,0|-0,0,0|m=rbxassetid://98151325360337|c=0.43,0.45,0.51
Orange|MeshPart|3.87,2.76,3.21|0,2.08,0|-0,0,0|m=rbxassetid://97471109503736|c=0.77,0.58,0.53
Black|MeshPart|3.69,2.71,3.15|0,1.95,0|-0,0,0|m=rbxassetid://98417814251085|c=0.18,0.18,0.18

[Deep Sea Site]
ROOT|0,10.92,0
bounds|Part|4.50,3,7|0,0,0|-0,0,0|a=1|c=1,0,0
White|MeshPart|0.92,0,0.92|0.40,-7.28,2.43|-0,180,0|m=rbxassetid://114458783905750|c=0.76,0.76,0.76
Main|MeshPart|4.26,0.65,4.32|-0.05,-6.97,-1.21|-0,180,0|m=rbxassetid://129010832688860|c=0.55,0.58,0.61
Black|MeshPart|4.66,1.53,7.04|0,-6.84,0|-0,180,0|m=rbxassetid://121183743910220|c=0.19,0.19,0.19
Main2|MeshPart|3.58,1.32,6.35|0.08,-6.78,0.27|-0,180,0|m=rbxassetid://78549922650285|c=0.49,0.52,0.55
Dark Grey|MeshPart|3.37,1.30,6.48|-0.40,-6.71,0.12|-0,180,0|m=rbxassetid://120024531179855|c=0.25,0.25,0.25
Grey|MeshPart|1.74,0.91,0.67|0.40,-6.86,0.75|-0,180,0|m=rbxassetid://71297396658287|c=0.30,0.30,0.30

[Synthetic Engineering Site]
ROOT|1019.74,0.58,-409.81
Black|MeshPart|4.90,1.09,5.10|0,0,0|-0,0,0|m=rbxassetid://108294454827617|c=0.14,0.14,0.14
bounds|Part|5,3,5|0,0.92,0|-0,0,0|a=1|c=1,0,0
Blue|MeshPart|0.60,0.17,1.63|0,0.81,0.57|-0,0,0|m=rbxassetid://80136766552968|c=0.45,0.65,0.75
Dark Grey|MeshPart|4.47,1.50,4.44|0,0.21,0.06|-0,0,0|m=rbxassetid://114685990100291|c=0.16,0.17,0.19
Grey|MeshPart|4.69,1.43,4.62|0,0.17,0.14|-0,0,0|m=rbxassetid://124301448324123|c=0.24,0.25,0.28
Neon Orange|MeshPart|3.22,1.32,4.08|0,0.17,-0.05|-0,0,0|m=rbxassetid://111198362570890|c=0.82,0.62,0.49
White|MeshPart|5.07,1.40,5.27|0,0.12,0|-0,0,0|m=rbxassetid://87702205396148|c=0.73,0.73,0.73

[Sector Authority]
ROOT|957.07,25.71,-364.59
Rig Align 3|MeshPart|0.06,5.43,0.06|0,0,0|-0,0,0|m=rbxassetid://109957440770995|a=1
TurretBlack 3|MeshPart|0.88,0.23,0.44|-0.47,-0.11,0|-0,0,0|m=rbxassetid://128597193367519|c=0.05,0.05,0.05
TurretNeon 3|MeshPart|1.31,0.22,0.36|-0.61,-0.02,0|-0,0,0|m=rbxassetid://103352333561229|c=1,0.90,0.68
TurretBase 3|MeshPart|2.06,0.38,0.97|-0.26,-0.04,0|-0,0,0|m=rbxassetid://89744043776910|c=0.40,0.40,0.37
TurretBase2 3|MeshPart|1.84,0.41,0.47|-0.26,-0.03,0|-0,0,0|m=rbxassetid://128509892677111|c=0.25,0.25,0.24
TurretRed 3|MeshPart|0.24,0.19,0.41|-0.42,-0.11,0|-0,0,0|m=rbxassetid://126153482641718|c=0.36,0.21,0.21
Rig Align 1|MeshPart|0.06,5.43,0.06|9.27,0,0|-0,0,0|m=rbxassetid://118916713696050|a=1
TurretBlack 1|MeshPart|0.88,0.23,0.44|9.74,-0.11,0|-0,0,0|m=rbxassetid://84057803451934|c=0.05,0.05,0.05
TurretRed 1|MeshPart|0.24,0.19,0.41|9.69,-0.11,0|-0,0,0|m=rbxassetid://76177258336672|c=0.36,0.21,0.21
TurretBase 1|MeshPart|2.06,0.38,0.97|9.52,-0.04,0|-0,0,0|m=rbxassetid://129076568985446|c=0.40,0.40,0.37
TurretNeon 1|MeshPart|1.31,0.22,0.36|9.88,-0.02,0|-0,0,0|m=rbxassetid://84139943126380|c=1,0.90,0.68
TurretBase2 1|MeshPart|1.84,0.41,0.47|9.53,-0.03,0|-0,0,0|m=rbxassetid://123794174739630|c=0.25,0.25,0.24
TurretBlack 2|MeshPart|0.44,0.23,0.88|4.63,-0.11,-5.11|-0,0,0|m=rbxassetid://117165063786653|c=0.05,0.05,0.05
Rig Align 2|MeshPart|0.06,5.43,0.06|4.63,0,-4.63|-0,0,0|m=rbxassetid://110490778589882|a=1
TurretBase2 2|MeshPart|0.47,0.41,1.84|4.63,-0.03,-4.90|-0,0,0|m=rbxassetid://113785970339509|c=0.25,0.25,0.24
TurretNeon 2|MeshPart|0.36,0.22,1.31|4.63,-0.02,-5.25|-0,0,0|m=rbxassetid://81385305683173|c=1,0.90,0.68
TurretRed 2|MeshPart|0.41,0.19,0.24|4.63,-0.11,-5.05|-0,0,0|m=rbxassetid://86314896381763|c=0.36,0.21,0.21
TurretBase 2|MeshPart|0.97,0.38,2.06|4.63,-0.04,-4.89|-0,0,0|m=rbxassetid://126022220179052|c=0.40,0.40,0.37
TurretNeon 4|MeshPart|0.36,0.22,1.31|4.63,-0.02,5.25|-0,0,0|m=rbxassetid://137136741881488|c=1,0.90,0.68
TurretRed 4|MeshPart|0.41,0.19,0.24|4.63,-0.11,5.05|-0,0,0|m=rbxassetid://85857162678176|c=0.36,0.21,0.21
Rig Align 4|MeshPart|0.06,5.43,0.06|4.63,0,4.63|-0,0,0|m=rbxassetid://73414536970231|a=1
TurretBase2 4|MeshPart|0.47,0.41,1.84|4.63,-0.03,4.90|-0,0,0|m=rbxassetid://129777351230629|c=0.25,0.25,0.24
TurretBlack 4|MeshPart|0.44,0.23,0.88|4.63,-0.11,5.11|-0,0,0|m=rbxassetid://126814474479899|c=0.05,0.05,0.05
TurretBase 4|MeshPart|0.97,0.38,2.06|4.63,-0.04,4.89|-0,0,0|m=rbxassetid://117671171879132|c=0.40,0.40,0.37
main|Part|1,3.60,1|4.63,-23.91,0|-0,180,0|a=1|c=1,0,0
Black|MeshPart|7.09,8.86,7.09|4.63,-2.15,0|-0,0,0|m=rbxassetid://128504927484366|c=0.05,0.05,0.05
Neon Red|MeshPart|8.37,5.75,8.37|4.63,1.36,0|-0,0,0|m=rbxassetid://138643193745742|c=0.83,0.35,0.31
Base|MeshPart|10.25,8.44,10.25|4.63,-0.06,0|-0,0,0|m=rbxassetid://117411986552790|c=0.40,0.40,0.37
Dark Grey|MeshPart|10.30,10.84,10.30|4.63,-1.15,0|-0,0,0|m=rbxassetid://122437344663104|c=0.19,0.19,0.19
Yellow|MeshPart|6,0.16,6|4.63,2.18,0|-0,0,0|m=rbxassetid://128641704081241|c=0.69,0.62,0.44
Base2|MeshPart|10.14,9.44,10.14|4.63,-1.89,0|-0,0,0|m=rbxassetid://71532467217789|c=0.25,0.25,0.24
Yellow2|MeshPart|6,0.32,6|4.63,2.10,0|-0,0,0|m=rbxassetid://98809953651920|c=0.51,0.46,0.33
Neon Yellow|MeshPart|7.02,8.48,7.02|4.63,-1.52,0|-0,0,0|m=rbxassetid://90661379459793|c=1,0.90,0.68
Red|MeshPart|6.47,1.70,6.47|4.63,1.48,0|-0,0,0|m=rbxassetid://100448929857876|c=0.36,0.21,0.21
bounds|Part|0.50,3.60,0.50|4.63,-23.91,0|-0,180,0|a=1|c=1,0,0

[Leopard Tankyard]
ROOT|984.50,1.50,-373.86
bounds|Part|3,3,4|0,0,0|-0,0,0|a=1|c=1,0,0
Cube.406|MeshPart|4.37,3.36,4.77|0,0.18,-0.35|-0,0,0|m=rbxassetid://72514471967375
Cube.396|MeshPart|1.60,0.08,0.23|0.38,-0.71,-1.33|-0,0,0|m=rbxassetid://90100633021935
TraitColor.009|MeshPart|3.85,2.82,3.86|-0.12,0.50,0.04|-0,0,0|m=rbxassetid://117396939883722

[B1 Hangar]
ROOT|979.12,1.50,-362.35
bounds|Part|4,3,4.50|0,0,0|-0,0,0|a=1|c=1,0,0
White|MeshPart|2.42,0.04,1.99|-0.03,-1.47,-1.37|-0,0,0|m=rbxassetid://84038840040028|c=0.91,0.91,0.91
Neon Red|MeshPart|3.41,0.47,2.56|0.30,0.86,0.69|-0,0,0|m=rbxassetid://117023604117506|c=1,0.33,0.13
Light Grey|MeshPart|2.46,0.04,1.02|-0.03,-1.47,-0.89|-0,0,0|m=rbxassetid://139768647472985|c=0.51,0.51,0.51
Base2|MeshPart|4.87,2.49,3.72|-0.05,-0.25,0.50|-0,0,0|m=rbxassetid://137152128200398|c=0.31,0.32,0.35
Blue|MeshPart|4.18,1.71,2.63|0.09,-0.53,1.05|-0,0,0|m=rbxassetid://85684611626351|c=0.20,0.30,0.46
Neon White|MeshPart|3.17,0.46,0.48|-0.03,-0.61,-1.14|-0,0,0|m=rbxassetid://86313729174734
Hangar Yellow|MeshPart|2.29,0.92,1.84|-0.03,-1.03,-1.30|-0,0,0|m=rbxassetid://90112955872045|c=0.85,0.69,0.45
Grey|MeshPart|2.37,0.90,1.46|-0.03,-1.04,-1.61|-0,0,0|m=rbxassetid://114518798350369|c=0.38,0.38,0.38
Yellow|MeshPart|3.96,0.65,2.74|0.07,-0.61,0.35|-0,0,0|m=rbxassetid://129081629582193|c=0.91,0.85,0.58
Black|MeshPart|4,1.66,3.03|0.07,-0.66,0.25|-0,0,0|m=rbxassetid://133690618852996|c=0.15,0.15,0.15
Base|MeshPart|4.89,2.18,3.72|0.04,-0.41,0.50|-0,0,0|m=rbxassetid://140558009460117|c=0.38,0.40,0.43
Dark Grey|MeshPart|4.13,2.65,3.77|0.13,-0.17,0.48|-0,0,0|m=rbxassetid://126321351493633|c=0.21,0.21,0.20
Duck|MeshPart|0.13,0.16,0.09|1,-1.38,-1.14|-0,0,0|m=rbxassetid://98606572598793

[Ordnance Assembly]
ROOT|988.30,1.50,-358.79
bounds|Part|6,3,6|0,0,0|-0,0,0|a=1|c=1,0,0
Base2|MeshPart|5.46,1.59,4.88|-0.10,-0.63,0.36|-0,0,0|m=rbxassetid://127872941165793|c=0.17,0.20,0.17
Grey|MeshPart|2.94,0.35,0.29|0,-1.17,-2.05|-0,0,0|m=rbxassetid://120394368621507|c=0.33,0.33,0.33
Base|MeshPart|5.66,1.71,4.82|-0,-0.57,0.42|-0,0,0|m=rbxassetid://126668329127759|c=0.20,0.24,0.20
Floor|MeshPart|6.13,0.30,6.26|0,-1.35,0|-0,0,0|m=rbxassetid://84140625698447|c=0.35,0.34,0.31
Black|MeshPart|4.78,0.71,2.97|0.02,-0.46,-0.20|-0,0,0|m=rbxassetid://108710100908244|c=0.15,0.15,0.15
Camo1|MeshPart|5.66,1.49,4.90|-0,-0.50,0.37|-0,0,0|m=rbxassetid://117682566070259|c=0.25,0.24,0.24
Neon Orange|MeshPart|3.06,0.42,0.57|0.45,-0.95,-1.70|-0,0,0|m=rbxassetid://134382879430134|c=0.92,0.69,0.21
GlassBlue|MeshPart|4.03,1.16,2.85|-0.06,-0.43,0.09|-0,0,0|m=rbxassetid://99293135590553|c=0.19,0.28,0.36
Camo2|MeshPart|5.66,1.38,4.70|-0,-0.56,0.27|-0,0,0|m=rbxassetid://95412299425605|c=0.30,0.27,0.24
Dark Grey|MeshPart|5.77,2.49,5.05|-0,-0.18,0.35|-0,0,0|m=rbxassetid://97763792013130|c=0.20,0.20,0.20

[Base Headquarters]
ROOT|584.35,2.01,120.72
bounds|Part|9.10,4.01,9.80|0,0,0|-0,0,0|a=1|c=1,0,0
Orb|MeshPart|2,2,2|-0.03,0.98,0|-0,180,0|m=rbxassetid://89826672213326|a=0.70|c=0.11,0.16,0.21
Orb|MeshPart|2.14,2.14,2.14|-0.03,0.98,0|-0,180,0|m=rbxassetid://140185778046804|c=0.43,0.60,0.79
MetalColor|MeshPart|8.18,3.96,8.83|0,-0.03,0|-0,180,0|m=rbxassetid://115903125549862|c=0.24,0.24,0.24
MainBaseColor|MeshPart|9.14,3.99,9.76|0,-0.01,0|-0,180,0|m=rbxassetid://85382988277719|c=0.18,0.20,0.13
3|MeshPart|0.39,0.39,0.39|0,0.98,0|-0,180,0|m=rbxassetid://82453463051605|c=0.97,0.97,0.97
Flooring|MeshPart|8.71,1.76,9.27|0,-1.10,0|-0,180,0|m=rbxassetid://118536676273670|c=0.11,0.16,0.21
Lights|MeshPart|0.24,0.03,4.41|0,-0.61,0|-0,180,0|m=rbxassetid://129056798435213|c=0.43,0.60,0.79
4|MeshPart|0.43,0.61,0.74|0,0.98,0|-0,180,0|m=rbxassetid://121531286856319|c=0.97,0.97,0.97
MetalColor|MeshPart|5.97,3.27,5.87|0,0.10,0|-0,180,0|m=rbxassetid://81249758525616|c=0.49,0.49,0.49
2|MeshPart|1.22,1,1.22|0,0.98,0|-0,180,0|m=rbxassetid://131282937650684|c=0.97,0.97,0.97
1|MeshPart|1.89,0.11,1.89|0,0.98,0|-0,180,0|m=rbxassetid://120137942182868|c=0.97,0.97,0.97

[Blackhawk Command Post]
ROOT|1006.15,1.50,-222.61
bounds|Part|8,3,6|0,0,0|-0,0,0|a=1|c=1,0,0
Black|MeshPart|7.65,1.52,5.91|-0,-0.61,0|-0,0,0|m=rbxassetid://99050292065265|c=0.18,0.18,0.18
Neon White|MeshPart|6.19,0.28,3.27|-0.10,-0.88,-0.02|-0,0,0|m=rbxassetid://74683934054420|c=0.82,0.81,0.83
Grey|MeshPart|7.97,1.05,6.23|0,-0.98,0|-0,0,0|m=rbxassetid://87551676445518|c=0.37,0.37,0.37
White|MeshPart|7.69,0,5.95|-0,-1.37,0|-0,0,0|m=rbxassetid://110398336249909|c=0.91,0.91,0.91
Base2|MeshPart|7.35,1.98,4.78|-0.12,-0.39,0.48|-0,0,0|m=rbxassetid://118048370884331|c=0.34,0.32,0.28
Yellow|MeshPart|4.40,1.42,4.40|0.50,-0.66,0.46|-0,0,0|m=rbxassetid://96607950434010|c=1,0.91,0.62
Dark Grey|MeshPart|7.18,1.58,4.85|-0.13,-0.60,0.50|-0,0,0|m=rbxassetid://71580429495632|c=0.25,0.25,0.25
Base|MeshPart|7.14,2.01,4.42|-0.34,-0.37,0.51|-0,0,0|m=rbxassetid://100757504253601|c=0.40,0.39,0.33

[Airship Docks]
ROOT|872.95,1.50,-230.60
bounds|Part|6.50,3,6.50|0,0,0|-0,0,0|a=1|c=1,0,0
Base2|MeshPart|6.75,2.68,6.61|0,-0.16,0|-0,90,0|m=rbxassetid://133608592985483|c=0.23,0.24,0.27
Base|MeshPart|4.67,1.55,5.41|0.25,-0.21,0.93|-0,90,0|m=rbxassetid://104070214828798|c=0.40,0.42,0.46
Reference1|MeshPart|0.02,1.56,0.02|2.53,1.23,-1.30|-0,90,0|m=rbxassetid://75010105880136|a=1
Grey|MeshPart|6.63,0.65,6.49|0,-1.18,0|-0,90,0|m=rbxassetid://128144417360702|c=0.31,0.31,0.31
Black|MeshPart|5.49,0.90,5.42|0.04,-0.81,0.43|-0,90,0|m=rbxassetid://72109854044320|c=0.16,0.16,0.16
MainBase|MeshPart|5.62,2.12,5.97|-0.20,-0.39,0.45|-0,90,0|m=rbxassetid://78158292112066|c=0.29,0.31,0.33
Neon Yellow|MeshPart|5.01,3.27,6.03|-0.11,0.33,0.32|-0,90,0|m=rbxassetid://135135023456761|c=1,0.91,0.62
Rig2 Neon Yellow|MeshPart|0.16,0.16,0|2.45,1.32,-1.30|-0,90,0|m=rbxassetid://110300264355761|c=1,0.91,0.62
Rig1 MainBase|MeshPart|0.24,0.14,0.02|2.53,1.25,-1.30|-0,90,0|m=rbxassetid://120367206294161|c=0.29,0.31,0.33
Yellow|MeshPart|6.35,0.57,6.21|0,-1.14,0|-0,90,0|m=rbxassetid://135394144517996|c=1,0.88,0.62
Rig2 Dark Grey|MeshPart|0.21,0.21,0.08|2.43,1.32,-1.30|-0,90,0|m=rbxassetid://114763036015242|c=0.22,0.22,0.22
Rig2 MainBase|MeshPart|0.20,0.20,0.20|2.57,1.32,-1.30|-0,90,0|m=rbxassetid://91758499519294|c=0.29,0.31,0.33
Reference2|MeshPart|1.56,0.02,0.02|2.53,1.32,-1.30|-0,90,0|m=rbxassetid://74341321441599|a=1
Dark Grey|MeshPart|6.69,3.47,6.55|0,0.31,0|-0,90,0|m=rbxassetid://114888909274852|c=0.22,0.22,0.22

[Blender]
ROOT|910.20,2.22,-194.30
bounds|Part|1.50,4.45,1.50|0,0,0|-0,0,0|a=1|c=1,0,0
Blender Black|MeshPart|1.53,3.57,1.54|0,-0.36,-0.05|-0,0,0|m=rbxassetid://118580315651392|c=0.18,0.18,0.18
Blender Grey|MeshPart|0.18,0.18,0.02|0.38,-2,0.70|-0,0,0|m=rbxassetid://83055293543956|c=0.42,0.42,0.42
Blender MBlack|MeshPart|0.36,0.85,0.05|0,0.14,-0.43|-0,0,0|m=rbxassetid://83113525261106|c=0,0,0
Blender Rig|MeshPart|0.67,0.15,0.72|0.08,-0.35,0.12|-0,0,0|m=rbxassetid://86826506151809|c=0.42,0.42,0.42
Blender SBlack|MeshPart|1.59,3.35,1.59|0,-0.55,-0.06|-0,0,0|m=rbxassetid://100668891687777|c=0.12,0.12,0.12
Glass|MeshPart|1.43,1.85,1.43|-0.04,0.20,0.14|-0,0,0|m=rbxassetid://114696987925549|a=0.70
Logo|MeshPart|0.29,0.29,0|0,-1.73,-0.82|-0,0,0|m=rbxassetid://126767682054612|c=0.92,0.91,0.93

[CL-1201 Deployment Zone]
ROOT|959.52,1.50,-382.10
bounds|Part|7,3,6|0,0,0|-0,0,0|a=1|c=1,0,0
Yellow|MeshPart|5.51,1.79,4.73|0,-0.45,-0.36|-0,0,0|m=rbxassetid://117558381761723|c=0.64,0.58,0.22
Base|MeshPart|6.54,1.61,5.06|0,-0.62,-0.01|-0,0,0|m=rbxassetid://84634622945947|c=0.60,0.60,0.60
Neon Orange|MeshPart|6.30,2.10,4.76|0,-0.22,-0.03|-0,0,0|m=rbxassetid://136471309922898|c=0.92,0.68,0.34
Black|MeshPart|6.57,2.33,5.20|0,-0.26,-0.13|-0,0,0|m=rbxassetid://74705107287170|c=0.13,0.13,0.13
Dark Grey|MeshPart|6.89,1.85,5.33|0,-0.52,-0.12|-0,0,0|m=rbxassetid://92106351171509|c=0.25,0.25,0.25
Grey|MeshPart|7.09,1.89,5.80|0,-0.55,0|-0,0,0|m=rbxassetid://110115557184135|c=0.39,0.39,0.39

